5.868278775909139711e+00
5.995968828382741478e+00
4.476883581137393264e+00
5.539614448194075891e+00
4.484474884879777079e+00
6.264906270747884420e+00
4.272707287404397647e+00
6.454237222944614771e+00
5.141853567172399053e+00
4.343466143063826834e+00
4.768879885401121399e+00
4.746010661301343525e+00
4.931413246948073592e+00
3.984732834801675949e+00
5.563383592341217820e+00
3.514173870431933189e+00
4.165521542024547941e+00
5.094356455417704765e+00
4.136121227865782402e+00
6.687045327447409093e+00
3.892027997295371300e+00
4.599049866056655667e+00
5.015249629524531017e+00
4.603944457422545433e+00
4.124515811052448022e+00
3.790500159194945873e+00
5.011035830913926681e+00
4.714448510008768523e+00
4.860877413869446606e+00
7.383338014300038665e+00
4.955380472722755059e+00
6.781540992466662310e+00
4.149014494470112169e+00
6.079603172897852126e+00
5.913168923052511516e+00
7.942401615422600258e+00
6.080765221439721202e+00
5.731506380936060019e+00
7.917336636463827126e+00
4.786318046235059853e+00
4.853936691987485119e+00
6.036584870321576091e+00
6.044651885133347946e+00
4.401335923777960346e+00
5.308203984439606060e+00
4.502776406129186171e+00
5.182405045297303836e+00
5.094990864993551583e+00
5.173945261799484108e+00
3.854377108116248341e+00
7.954165868641600134e+00
4.988779274293469790e+00
5.239696769994637293e+00
6.688964068019820353e+00
3.797514290986209851e+00
3.816278688903454341e+00
5.181885794426266401e+00
5.074186031570132371e+00
4.974166559922863939e+00
5.175330991566970518e+00
5.685975928529807710e+00
5.939401038364374941e+00
3.520153802937001863e+00
5.785599361985515721e+00
5.079872287911205930e+00
5.808224781818163152e+00
3.894814412325369180e+00
3.701198769184032233e+00
4.655503302494130580e+00
6.446125348694959456e+00
6.006591080215952339e+00
4.070383756986179158e+00
6.771997748603554079e+00
5.186954003572802563e+00
5.404349901621086971e+00
4.453787034146853507e+00
4.588420767182220139e+00
4.461744717557539985e+00
6.314869881297707543e+00
6.511249230351105588e+00
3.778188966797407122e+00
4.481352864134887426e+00
4.743263320830250152e+00
5.037927790042946441e+00
5.880645248466667141e+00
4.323982181549700599e+00
4.112368591512092664e+00
4.446279955319815791e+00
5.515265020931868989e+00
6.219778355751727439e+00
5.704179385979387895e+00
4.721898361566254643e+00
4.538172337099848797e+00
7.468161007076681734e+00
6.615173583559018411e+00
4.999798012489698351e+00
4.199525248225725704e+00
4.411502658063460203e+00
5.030954108152455362e+00
5.102376525872603708e+00
6.869882438730369856e+00
5.297105913132714505e+00
4.267417405735033142e+00
5.933160597296472716e+00
4.877958061162963155e+00
5.642962860522933610e+00
4.621504891005283611e+00
5.010916735785240661e+00
4.343302212773450854e+00
4.065384223092319615e+00
4.674260915435685781e+00
5.497757339658519982e+00
5.985375333004427034e+00
4.260830360030786856e+00
5.743439105289283475e+00
5.697249032839379446e+00
5.134538481644183250e+00
5.731698615305198530e+00
3.724144493036714909e+00
5.203542833895828501e+00
5.186399282046568970e+00
5.256294865725012144e+00
4.294166862872216939e+00
7.616821045774099019e+00
3.690227744653443054e+00
6.247887460880980015e+00
3.811528239543996222e+00
4.367768362902868517e+00
4.306097049479418182e+00
3.785300492631947566e+00
4.133026844123039112e+00
3.912014088294645475e+00
5.355872164523630019e+00
5.952524606227950876e+00
6.480613767544193493e+00
5.557826712567228711e+00
3.833875106218297635e+00
5.228755815002675611e+00
5.586466878390766944e+00
8.448656380678841060e+00
3.773467704125197830e+00
5.009633861988912251e+00
6.772054371426872166e+00
5.690749000722208351e+00
4.833127692369027173e+00
6.047255724911362762e+00
4.993037056944045204e+00
8.331217345523748818e+00
4.477775526302741227e+00
7.026808552525795726e+00
6.059206918705313250e+00
7.003892771832867403e+00
4.953679340324669944e+00
6.080864012242673589e+00
5.829421830589470943e+00
5.064900945524243525e+00
3.817141875541901097e+00
4.776368316017341797e+00
3.800626717943210942e+00
6.087422167065683176e+00
4.511070582633002424e+00
4.716512300266087365e+00
4.555101011307281844e+00
4.584496302362366826e+00
3.676954900069370424e+00
4.709921253891158344e+00
4.361682877507126577e+00
4.590764205884788396e+00
5.038125268458394146e+00
4.188963418450800447e+00
5.847048620676202901e+00
6.320595423293392301e+00
6.227753929407810141e+00
4.620980780654630138e+00
7.288702445139218611e+00
5.472723052334128369e+00
5.976374365865752658e+00
4.927326880753390981e+00
4.480369893276376914e+00
5.919475083830086248e+00
5.165289520976179105e+00
4.870703535189037758e+00
4.473154989126530090e+00
5.694377670722360563e+00
4.591591959204585294e+00
5.694697197203378636e+00
4.692376438679902506e+00
6.123693156863675213e+00
4.694129440361301420e+00
4.560987669148938828e+00
5.873540253223126228e+00
5.828524306101281027e+00
3.945104673955328156e+00
5.382937073943178774e+00
5.712161244385884018e+00
5.179093282616992866e+00
5.311119979009774283e+00
5.393935074788823947e+00
8.963645427981074221e+00
4.662945263635799975e+00
5.644758388112692593e+00
4.340813361980995211e+00
5.320664248478951919e+00
6.693911963137727739e+00
3.839897005161057475e+00
4.370003400694190354e+00
4.305038014748117980e+00
6.999413705812269626e+00
5.244583700889958067e+00
3.661675243235024801e+00
4.166659375960620970e+00
5.770566824107799420e+00
5.048538577633440383e+00
3.267380340230682467e+00
7.615912222264237030e+00
5.765316836442747395e+00
7.044396368040706236e+00
4.218078525961283631e+00
4.133215846309770569e+00
5.784021745569030593e+00
7.685480532149042254e+00
4.884385288159758254e+00
3.467631260418250871e+00
7.659458083095448622e+00
5.347093738000400442e+00
4.952454273359641945e+00
6.369713552078278163e+00
5.522054049914353335e+00
4.636019543922642150e+00
5.352888318295459413e+00
5.476174123190702403e+00
3.937198025506489785e+00
4.818463483845530249e+00
3.775346629061036019e+00
5.297045955482196256e+00
5.490517206857850496e+00
4.803167605368039439e+00
5.688033143368876665e+00
4.049986167424023620e+00
4.878246268105392858e+00
6.379240567520774619e+00
4.066920090567260893e+00
5.720742642076000806e+00
4.614779396716257587e+00
7.252623793320166712e+00
5.597547128207021494e+00
6.346105725141319098e+00
6.503106929010449733e+00
4.346065790076040436e+00
4.506320971105517437e+00
5.709066485691499437e+00
5.807165170586195302e+00
4.636099365309421572e+00
5.279604198979548357e+00
6.438560887982927028e+00
4.864149341791521586e+00
6.205042193196479872e+00
5.961587635310935163e+00
7.311617629830861276e+00
6.167983242655276754e+00
3.815599640720433783e+00
5.586066802408542031e+00
5.999131060190945774e+00
4.369411883640003325e+00
7.236043079998837335e+00
4.660286508195450317e+00
3.727875693731122375e+00
6.123036824204636019e+00
4.080173575871687497e+00
3.771481098841427571e+00
4.478366543679850764e+00
5.192198741758087266e+00
4.355999741841014128e+00
6.032709444189411130e+00
8.040578195446862253e+00
4.369491500574961051e+00
5.815095241209025545e+00
7.511989005407251341e+00
6.242073520869016789e+00
3.580534618907305955e+00
5.533083059566268780e+00
5.143408517869533014e+00
4.510211180828969546e+00
5.316940675584191922e+00
5.315063523057474981e+00
4.684872635399603524e+00
4.363592932283006931e+00
4.289274270205940098e+00
5.223614986723440268e+00
5.452140996726527966e+00
4.146932822130913188e+00
5.725104870847504301e+00
6.126562919289485265e+00
4.855575598747764232e+00
5.393062939281031198e+00
3.976544146322411599e+00
4.595789593628603953e+00
4.489102202290519372e+00
7.308100998579838858e+00
4.486900848869477265e+00
4.631249900361254390e+00
4.546240027703079001e+00
4.312654225108301986e+00
6.567872619965060998e+00
6.840259290847928497e+00
4.094301264871694102e+00
5.350071494341710476e+00
4.903907592235353441e+00
5.087947210997860736e+00
5.358656354931996546e+00
6.192829766429714056e+00
5.773882191370686812e+00
3.830018044058642435e+00
5.274379833697567577e+00
7.424861867739628529e+00
4.959762217796855666e+00
5.691748216687296136e+00
6.145210634573944120e+00
5.252829906493833079e+00
6.513876989029663278e+00
4.381471654815936922e+00
5.465522420667391579e+00
6.881849418407340657e+00
4.156860252848245452e+00
5.105422028040731419e+00
3.459512812216150479e+00
4.309542143486324584e+00
4.159811725416252770e+00
5.498336545988055768e+00
5.722458055880581540e+00
5.267637665408866354e+00
4.709609163833762047e+00
4.336875952184648497e+00
5.793778478947837485e+00
7.031189105729358957e+00
4.009158443502416347e+00
4.566399855459275514e+00
5.515630983424421707e+00
4.641143685673369212e+00
5.598472362779828515e+00
4.443433888664560349e+00
3.786596495324356937e+00
5.313545264392901757e+00
5.807679572547467473e+00
4.572986263109426019e+00
5.013360232145586792e+00
4.672817216468194701e+00
5.271352837541023462e+00
5.242618275004190309e+00
4.136878884639141774e+00
5.346540025326582679e+00
4.139591800260180143e+00
3.870381393339008991e+00
3.997761477992134438e+00
4.627532059092805738e+00
3.881711177674544544e+00
4.921355204092727753e+00
4.186684781954831180e+00
4.740282404820078455e+00
5.836893200443192598e+00
4.416664534826045596e+00
3.937244703722450723e+00
5.567322839522352851e+00
4.374493472538631522e+00
4.430555469676621172e+00
4.996423931168447297e+00
4.094489677336332178e+00
5.257987569631190183e+00
4.305171294497384338e+00
4.771100621216087134e+00
6.001487699914557439e+00
5.443973867272314138e+00
4.574520881450985677e+00
5.223557553307890622e+00
5.375696187074392896e+00
5.238002044360280607e+00
3.858890021739425968e+00
4.121078370873934027e+00
5.236712486130850053e+00
5.826987313321013495e+00
6.613874434822987425e+00
3.990387902641791662e+00
5.165340083911890368e+00
6.512157856747625928e+00
3.737293888200301950e+00
4.355904973586604889e+00
8.217059133257453851e+00
4.073926947859003000e+00
4.324321262483648454e+00
9.453707939397403948e+00
6.205601006221646010e+00
5.766830982018684715e+00
6.241191770582876330e+00
7.071141685296456814e+00
4.076801282603822685e+00
4.410631960295653187e+00
4.112411003970972700e+00
5.698490069058010477e+00
4.606378436981238167e+00
3.851614668322300261e+00
3.697525698962065732e+00
5.306760855302912638e+00
5.508538838960379991e+00
5.933027059047242702e+00
5.521433045772782933e+00
4.980899951285061356e+00
4.699737334057437543e+00
5.513849067099164003e+00
3.384312287369628081e+00
3.235655871367640657e+00
9.527004991654692390e+00
3.630220547659043007e+00
3.338197199933382375e+00
6.116108495344889207e+00
7.179801119001441911e+00
7.344917802255944039e+00
5.400599964747009096e+00
4.663132599512652021e+00
3.846538126952871117e+00
4.212733837872413289e+00
6.830123822867592231e+00
6.860271973246956811e+00
6.027365218061527585e+00
3.572457362267849934e+00
6.333737179260795713e+00
4.517475947245389811e+00
4.633212958070729748e+00
6.485291843781807231e+00
3.530026830501482138e+00
5.362660022178643793e+00
4.125089546009222730e+00
4.679238073406213339e+00
3.881006750896220492e+00
5.631547936566187573e+00
7.149333960136708299e+00
6.205773826263213166e+00
5.868742513731238120e+00
5.709514291541617048e+00
9.161675209497619932e+00
8.307335642178168555e+00
3.879372164162462777e+00
5.921845492716910186e+00
6.820421521279397048e+00
3.473932058352280805e+00
4.401324202077489645e+00
7.688887583164401462e+00
6.486151994242034924e+00
4.512202649465850257e+00
5.338549895868993644e+00
5.772021121681802924e+00
5.940184770514193247e+00
7.662574632047418177e+00
6.538917490104630303e+00
5.643402154929981762e+00
5.399330443918552547e+00
4.018916087136877202e+00
3.933289747181307305e+00
4.782117806215897993e+00
5.967992106423952947e+00
6.235352162428543288e+00
4.325480468080840524e+00
4.985111661500864599e+00
4.271101434687773590e+00
3.894840150441415183e+00
4.494102623897583193e+00
6.548918032284911206e+00
6.905674992015411462e+00
6.629338725995546078e+00
5.083273307186859213e+00
5.425726409212982659e+00
3.908600373046172027e+00
5.882864886553115014e+00
4.588503380682927180e+00
4.852368263957704819e+00
4.505505777759634789e+00
5.085437135013517462e+00
5.161230543839648632e+00
4.655007059434674410e+00
4.339178621379175205e+00
4.786933889015434929e+00
4.700441079663712607e+00
5.690636911272120457e+00
6.628010068786064579e+00
5.920105982714577664e+00
7.892497130236295177e+00
6.039850397514660685e+00
3.836594116202131755e+00
6.973702630276218173e+00
4.602264639253965228e+00
4.944020284085405947e+00
8.018888346556595437e+00
6.955672342556656673e+00
4.463265261306674780e+00
7.136381161476241353e+00
4.236379947308330784e+00
6.278363449799701179e+00
5.940102195351506964e+00
4.669704904903702491e+00
4.075102527566277999e+00
4.330620954265159028e+00
4.263110558970804043e+00
3.415689859417513574e+00
5.652901265685629006e+00
4.166352644289952778e+00
4.132272842652918499e+00
5.178818881120481166e+00
4.451599312672542830e+00
4.719905608501231420e+00
5.857129368118902057e+00
4.433507252060447712e+00
7.625111455112975278e+00
5.645176653579638604e+00
4.078564443361147873e+00
4.276129957940362658e+00
4.477504574031800466e+00
6.118623751033273273e+00
5.185750905311267367e+00
5.935315616728589205e+00
5.585373307253330033e+00
5.776695326110832696e+00
4.047299447703919917e+00
5.336725511286054768e+00
6.108916347403853919e+00
7.045168119111322014e+00
4.585745007117660421e+00
5.387397005483300028e+00
5.638078229190657709e+00
7.568784322433081968e+00
4.565576154257811048e+00
6.509115687280811358e+00
5.180286764906676389e+00
4.610693900635764564e+00
6.975774137033445399e+00
7.879746086927641890e+00
7.880292297625522302e+00
4.903295509295348076e+00
3.968055453082336648e+00
3.992806843554017604e+00
4.545337672776680549e+00
7.526372590422434783e+00
4.178814466392086757e+00
4.397819312242646994e+00
6.242647828593913317e+00
5.456177661443440741e+00
4.608399135996904761e+00
6.015810098832722552e+00
6.809006410217149252e+00
4.233055069646479041e+00
3.987907642997934765e+00
4.526870310451232449e+00
7.328534350898905814e+00
5.823272974441540129e+00
7.858968952299058230e+00
4.537228237117265195e+00
5.069210053441839392e+00
4.279108641335088947e+00
5.013017865021851094e+00
6.455110249746279116e+00
4.659193004526625437e+00
4.326380297132305763e+00
4.561535514153154836e+00
6.646426246600992904e+00
5.558591391027240647e+00
7.845970387792189804e+00
5.094787129897543565e+00
5.708343280663553898e+00
4.678099308284236812e+00
3.708314378395489275e+00
7.488433605989960107e+00
4.694486468156082282e+00
4.406223441063818136e+00
5.174200245651520369e+00
4.528543973070130235e+00
5.773532051122182374e+00
3.848458132348491212e+00
7.321692659292486027e+00
4.174887447506524296e+00
3.973827035680889797e+00
7.456998588478748857e+00
5.515420844984005200e+00
5.924911280956090209e+00
5.268148134795190174e+00
6.488328862236043548e+00
4.217388640429886593e+00
4.964903371533035958e+00
6.400554942546603066e+00
5.289845141003162610e+00
4.923109249911122198e+00
5.272633157738772169e+00
3.858301340400322577e+00
5.619866607609468545e+00
4.746452745627406600e+00
5.497017390868131237e+00
5.065411273236938072e+00
5.801648523976023597e+00
5.295441989627413193e+00
4.643452905980135270e+00
4.760467727870780763e+00
5.145293961580248876e+00
3.981139486963874319e+00
4.426843587670822089e+00
4.072125235439527202e+00
5.034799927538591291e+00
4.858747261173749443e+00
4.753373010834676116e+00
5.307872436142401895e+00
5.447427461164423335e+00
3.993755082480274776e+00
6.934983447465990380e+00
4.389426671637322031e+00
8.064158409613506606e+00
3.980285320598393906e+00
5.813638153245429763e+00
3.387727960855267728e+00
4.944052953682981588e+00
4.537760631636602149e+00
4.369721095375978415e+00
5.197232228093058737e+00
4.634607095603668014e+00
5.650392189343226512e+00
5.354491674836479476e+00
5.928506981228553130e+00
6.601899131153169620e+00
4.443885567273849979e+00
5.343753766476638134e+00
5.002517247948166990e+00
5.791846049081808445e+00
4.237675340053282724e+00
7.237190408836290167e+00
3.744034942903327501e+00
5.317318680843416523e+00
4.296427240202577380e+00
4.554764544524024572e+00
5.038273588386658730e+00
3.321908415968012562e+00
5.854303122697842809e+00
5.846437842945828578e+00
6.270766664738740559e+00
3.499498626661426304e+00
4.334761630132853760e+00
4.898188434136062419e+00
5.469943262238832205e+00
4.719475489628011999e+00
5.948965759198325820e+00
3.816288243857584916e+00
5.974271043631162570e+00
3.595357261571331176e+00
7.478000230417086946e+00
8.583938565403421705e+00
6.136663820013682269e+00
4.375301910421759644e+00
4.306755607363847993e+00
3.999056694570803927e+00
6.869909383358347554e+00
4.678299017990943831e+00
7.883025629740272322e+00
7.429321018149146916e+00
6.446893008961417593e+00
6.404312543713517769e+00
5.655749120894462578e+00
5.381409000663386344e+00
4.301336795426376369e+00
4.771573097940813746e+00
5.653969418327705831e+00
4.667752986862297782e+00
5.391503003277877681e+00
5.858913558629231133e+00
4.737349483963781971e+00
4.603900693367195096e+00
5.053287022729188394e+00
8.027994562884547491e+00
5.651570704029287739e+00
5.148196094433652448e+00
3.924156116453953125e+00
3.997361064382741525e+00
4.856417830674670810e+00
5.697628530771343236e+00
5.842120794440905485e+00
4.480401511722510222e+00
5.169769295991979874e+00
5.511286064308746013e+00
5.544162012315057453e+00
5.076040319242069998e+00
5.104099588168066859e+00
5.298455027652265059e+00
6.406191627884290085e+00
6.852835730007413417e+00
7.063483447663676529e+00
4.306753537705954926e+00
6.472122078919966270e+00
6.387957192468976864e+00
6.527434901498008202e+00
6.082822518516451282e+00
4.313264399142244798e+00
3.600766622458719368e+00
5.234413594185380880e+00
5.146432391881615942e+00
4.887574913990084369e+00
5.011460116071521753e+00
4.400242981789745045e+00
4.024484259540726860e+00
4.612667291943763459e+00
4.752189188964972111e+00
5.044792200004172500e+00
4.677415439374933648e+00
5.078136693052403672e+00
6.089349079051425306e+00
6.175482117802307158e+00
4.587093956902617009e+00
6.412221373760560894e+00
4.150815676746248073e+00
7.533169773892752552e+00
3.896759539987710852e+00
3.626361840459529695e+00
4.170490215040248749e+00
6.259602022418075506e+00
3.886252443538460888e+00
7.172996033893448420e+00
4.761075526559690019e+00
5.095527192276067652e+00
5.114234724016422540e+00
4.258028641594228780e+00
6.134840311342260932e+00
5.637058819834292578e+00
4.607244247155795058e+00
4.521669331708745965e+00
5.378446555103684190e+00
5.156381733641288712e+00
5.093488583806495384e+00
5.482673250505207818e+00
5.707353372286105397e+00
5.446132655893151764e+00
5.245458205615394220e+00
6.753566599481017008e+00
4.282386426186000961e+00
6.059882883452061719e+00
5.048459540048789052e+00
7.845514085288650463e+00
5.871582308144820850e+00
3.949984236894191092e+00
7.339036324406736256e+00
5.187400823799659833e+00
5.652302747403706640e+00
5.799605734469812646e+00
7.188416458501342809e+00
4.832640368824184129e+00
5.765712811030998530e+00
5.004840776017704940e+00
4.623762979135013218e+00
5.999650090733174679e+00
4.789992777832010162e+00
4.281027956018659708e+00
4.931075512491439383e+00
5.104340122374010136e+00
4.895570050042362453e+00
5.983723646087861781e+00
4.535635818189897250e+00
4.136904257312547628e+00
6.022848675074195413e+00
5.176018888816215302e+00
9.279694819996024080e+00
5.869965913558207404e+00
5.429065654830963261e+00
3.908501781753078497e+00
5.166774338999991834e+00
5.129699550486684245e+00
4.373749345348843853e+00
4.583408215678893782e+00
5.283342920870163439e+00
3.971348142158143801e+00
6.511702235504396974e+00
5.091196965455075940e+00
8.316903929647335048e+00
6.410927712896529407e+00
4.837536935782841496e+00
4.785249352893921504e+00
4.823434006460120216e+00
5.641077982463984064e+00
4.876977964192099613e+00
5.643660779002287242e+00
3.542217232095939305e+00
5.667521447618565134e+00
4.564543182325402348e+00
5.638810094852262367e+00
4.516004758014335430e+00
4.943119529401938550e+00
5.305149204576641964e+00
6.816529308496583006e+00
4.436596711205655907e+00
4.888277320072196730e+00
7.141847226661138137e+00
6.967582367429523416e+00
5.853223635477599274e+00
6.972814413947607370e+00
5.910524449493317789e+00
4.334840771685555261e+00
5.099407853280823133e+00
4.919909477222322636e+00
4.402741756209522350e+00
4.471543406848182300e+00
4.607904685133535239e+00
4.886393483612200050e+00
3.629653122866253412e+00
4.146356894950921301e+00
4.513564784846693101e+00
5.837313317905994836e+00
4.316470600521017609e+00
4.290704226399398635e+00
4.885423434984136115e+00
4.508591077580778261e+00
4.259108085518986897e+00
5.068611606773881562e+00
4.562791330674859758e+00
5.090940068816708575e+00
5.417993480682749663e+00
5.582923432698612132e+00
4.369491360323245033e+00
6.259436874409027851e+00
4.588265971421781053e+00
6.130824445606045892e+00
6.235382978181606362e+00
4.603579656460480507e+00
5.791553475467147827e+00
4.587346284912361405e+00
6.265228213591576001e+00
4.122950165558960656e+00
5.273560132366021946e+00
6.975868926769370759e+00
5.158912744074124923e+00
4.166421535482001559e+00
4.086853747254200364e+00
5.083531870404366160e+00
6.493166901368589095e+00
6.097473442014633704e+00
6.217303317731039058e+00
4.406240537797649459e+00
6.482688849668526210e+00
5.849568292221844601e+00
6.079972222202688847e+00
6.284997913653568524e+00
4.827648199364619863e+00
8.079480442051739431e+00
3.510866770095898204e+00
4.657180836088973486e+00
4.983784905674346177e+00
6.503481339624987534e+00
5.133951327159615552e+00
6.135562201517539727e+00
4.729188835269034108e+00
4.577513066321313495e+00
5.398405132784239058e+00
5.344971282044786776e+00
5.134771872794249958e+00
3.937389603981952479e+00
4.145605427593952896e+00
5.387101800275459595e+00
6.430135360838370673e+00
5.752603618618246983e+00
4.166822761316936408e+00
5.863063311542858536e+00
4.229750961847396518e+00
5.891683722878740426e+00
5.518327990003562888e+00
3.803559649754443495e+00
3.821153938014342444e+00
3.878083333193010240e+00
3.650337576695185327e+00
4.322940349663335624e+00
4.262538956033569804e+00
7.172982012853067246e+00
4.609603100572012835e+00
4.309210149675189783e+00
3.899403291603261046e+00
5.219919127431912109e+00
4.039747491371178612e+00
5.602655211284544023e+00
4.997926858213551427e+00
5.568549380375635849e+00
5.510541292282373327e+00
5.023487101702595936e+00
4.242965631577651386e+00
5.599426243544844084e+00
4.742836818555771217e+00
6.372726162525829352e+00
7.129973806152521298e+00
6.375593116716840925e+00
4.823566193330442786e+00
7.031213022205243135e+00
4.164152656307066991e+00
4.997698456941337852e+00
3.463361132453425917e+00
7.741491519155122347e+00
5.572845444430219786e+00
5.095587751577221880e+00
4.777900366076388572e+00
4.976940304803406434e+00
4.984288782756641112e+00
5.185324092755700498e+00
4.317967187542041785e+00
5.565956187425866730e+00
5.888890875353140153e+00
6.166387043133908286e+00
4.702298286705845598e+00
9.091952859433680700e+00
7.310170616677523547e+00
4.511894322297850479e+00
3.668347670116216541e+00
4.809044841965955719e+00
5.365995440152383722e+00
4.333379851445148923e+00
5.116585397056363504e+00
5.541688806717152360e+00
5.048416056173700817e+00
3.897012887097744294e+00
5.692171750058939494e+00
6.315801021601306964e+00
4.451650422433417020e+00
4.561923134072688235e+00
7.863279644363466048e+00
7.601776685992381211e+00
4.981330717771553118e+00
9.080219703427452771e+00
8.910103880371138985e+00
4.792987192691401610e+00
4.962111553086213434e+00
5.683509192893184903e+00
6.499968308487646951e+00
4.701162184786540799e+00
4.145551744862039811e+00
4.654787873662085573e+00
4.502001343728153415e+00
6.132275218780513626e+00
3.709863620008342355e+00
6.585215556633905010e+00
6.777561575637189861e+00
5.105883637844248923e+00
4.624658364720144910e+00
5.605478710626536909e+00
5.062372278120802704e+00
4.843022110473191866e+00
6.581199566581863891e+00
5.361848507544432429e+00
5.565438612261107032e+00
5.757074835938210455e+00
5.115127372196593747e+00
7.463987183005547976e+00
4.816531675829603287e+00
6.281481330928151863e+00
5.411520404359414727e+00
5.467815712999222200e+00
5.049670194371434384e+00
3.998926479503290388e+00
5.074908455445397593e+00
8.314587073171182396e+00
4.782824285605080661e+00
5.634397525306696686e+00
3.366773050219591390e+00
5.490692781579795678e+00
4.071826266663485683e+00
5.324409607781648290e+00
3.570692211779969760e+00
4.338984122696310841e+00
5.607999501356785821e+00
4.684689044541131331e+00
6.138254954999768032e+00
4.486880768891442273e+00
5.269224772069120100e+00
5.187226071432522900e+00
4.526719488620889464e+00
6.090488757848689261e+00
4.518123144206039221e+00
7.043176863154831935e+00
6.729666426048087402e+00
5.330852175778614921e+00
4.161173677268597437e+00
4.275788964129567660e+00
5.760688814220436882e+00
3.563990934863728643e+00
5.552224261470971811e+00
9.866399580162269700e+00
4.534601803864955372e+00
3.835492364291938294e+00
3.423868408744940695e+00
5.584016382873405071e+00
4.990764422537963263e+00
4.515611453253617569e+00
5.342032514955471711e+00
5.419638817317474988e+00
4.650227835076529814e+00
5.521061658513488624e+00
5.815225858237157652e+00
6.581518580113410621e+00
5.313411963605279453e+00
3.800932879842270573e+00
6.516724546116431149e+00
5.886003554999197362e+00
4.570252294971732354e+00
5.252940862584814852e+00
4.335876179102171157e+00
4.549492240380676122e+00
5.345944220736188690e+00
6.938837240706777543e+00
7.633143526250649735e+00
6.464616769743208202e+00
4.165368205734107043e+00
4.726058673651105657e+00
4.968285415703364905e+00
6.686505446922639706e+00
5.778356011609536935e+00
4.215518648722649253e+00
6.012364502306763114e+00
4.275789103849871431e+00
4.210084134281127710e+00
3.365973200993055858e+00
4.526183756068605568e+00
5.820032842962371333e+00
4.810672630918801040e+00
4.935572464305220564e+00
4.646270233919600479e+00
6.896180570226617235e+00
6.251740242522323854e+00
3.485249490808128403e+00
6.336246579809436952e+00
5.905881944482441526e+00
5.687009868147535840e+00
4.585225889946277888e+00
6.593044778227348246e+00
3.998414986185822251e+00
5.664823222279942172e+00
5.553675762445015707e+00
4.388370378327348220e+00
6.791093370720554745e+00
3.886878126832244540e+00
5.148122390671959536e+00
5.192769699920560811e+00
4.235696825146695765e+00
4.764765335935450707e+00
4.824149282944514283e+00
4.851322648310935293e+00
7.357533963430788582e+00
4.688522466466608307e+00
7.077812910751848818e+00
4.008767182790603734e+00
5.869322470533926861e+00
4.530886995305453802e+00
4.491887826534207484e+00
4.307006126482422204e+00
4.613275985897905329e+00
4.328305743976966546e+00
4.606227856754522954e+00
4.357484023009908114e+00
5.239948439091380195e+00
5.018760570050798009e+00
4.385464697595829797e+00
3.759855794536941076e+00
4.238594033747377310e+00
6.648354553208209339e+00
4.321436084202062489e+00
7.370120534464368767e+00
4.677578279911012160e+00
5.046109652497296594e+00
5.559846406193360124e+00
5.153692995479643990e+00
3.380166968073614608e+00
5.423867399350340790e+00
5.131746631815497395e+00
3.790965887597293360e+00
3.713243971131583443e+00
6.073415914079015820e+00
3.362855432581427273e+00
4.841816329797148377e+00
4.652800217925088688e+00
5.459878280643105875e+00
4.157264633520322050e+00
7.220928143432034929e+00
5.265620087600608734e+00
5.370297789231136321e+00
8.436664349069399549e+00
4.718038319305940753e+00
5.888473958625873195e+00
5.777464596353654613e+00
4.955552588777227818e+00
5.671386954124793434e+00
5.942231759673814118e+00
3.971116735658585029e+00
4.896306715029303369e+00
4.039479319079843478e+00
4.897513689084587618e+00
5.087980373478907303e+00
4.818527724813492341e+00
6.487236477738303364e+00
4.004815532940586564e+00
5.322933587921324872e+00
5.269937370023733969e+00
5.541195366308945935e+00
6.601316694739713498e+00
4.765437844154636338e+00
6.101474543634500591e+00
6.653998947447190560e+00
7.011111826136021463e+00
4.064769550810016341e+00
5.302065756120693862e+00
4.482097339375726186e+00
5.122146343897476584e+00
6.686208701021708833e+00
3.745590512157884078e+00
5.216826749216620485e+00
4.881503415637538978e+00
6.234059375613178133e+00
3.601297671255689892e+00
3.917441113447297063e+00
6.467146721759831962e+00
4.051248711457478002e+00
3.667529514098026411e+00
5.660357911630416794e+00
5.298598236571425701e+00
6.240402108895223066e+00
5.617516345089424767e+00
4.765016783505797271e+00
4.654261059921811494e+00
4.579255998125412397e+00
4.901709307930889103e+00
5.325374260284081451e+00
4.899841802736744967e+00
5.392399213709251349e+00
4.284422547871583831e+00
4.681073910546770911e+00
4.517342764536488531e+00
6.296500988221843897e+00
5.055072234101062101e+00
6.250849242468461853e+00
6.136443771383067514e+00
6.840939243444271511e+00
6.728155087161672654e+00
3.432045592476112628e+00
4.987683964827098748e+00
5.263588080318257312e+00
4.929340263324155202e+00
3.875509632050169184e+00
3.959835926338999279e+00
5.078228509955259540e+00
6.059407800665327137e+00
5.353220363874504173e+00
5.958814876272413130e+00
4.600191858393817057e+00
5.139776001488852941e+00
4.931587975828986892e+00
4.587514448936893530e+00
4.236279486099055802e+00
4.206080208106111051e+00
4.351352327808641007e+00
4.989716947471394271e+00
4.628654054421640573e+00
5.185571522953358325e+00
5.071714714591859519e+00
5.813190893100166790e+00
4.779224180738914640e+00
4.931962512090712458e+00
5.371019838953833059e+00
4.613032228757319331e+00
6.510166210537668974e+00
6.796194837835074054e+00
5.176359692695401193e+00
4.405248028061999221e+00
7.551673983485586383e+00
5.109233918270152941e+00
4.647278312713747361e+00
4.893200612007852612e+00
5.061701164395534747e+00
5.429693877666959878e+00
5.244893238299108695e+00
4.352200710162673403e+00
4.169702176469311183e+00
4.451960611114444077e+00
8.007122284824884417e+00
5.716007284592678594e+00
4.161194497084288457e+00
4.645541861878319523e+00
6.896025238641044552e+00
6.467871949500698214e+00
4.639254189297595588e+00
4.889097678756985310e+00
6.744342863299346291e+00
4.076590473057104091e+00
4.193925029727869180e+00
7.437011337478362627e+00
6.359613153855638856e+00
4.815608558563890362e+00
4.045471161763357415e+00
5.526766385624366507e+00
4.456310296640824120e+00
7.742055600497883106e+00
5.350164037187846944e+00
6.010051664916550962e+00
5.870843688521489412e+00
3.994591945118415310e+00
5.372126528038892346e+00
8.450633434078277162e+00
5.452286460100452814e+00
4.670210872230359911e+00
8.843060003467424934e+00
6.320301095563690907e+00
5.100327396083304876e+00
5.736813609699382255e+00
5.249876225045017719e+00
5.173382729089304632e+00
4.402498539067373429e+00
6.709839119670942154e+00
4.732442363194137691e+00
5.301619410477901084e+00
5.077168773985201611e+00
4.462922048734514036e+00
4.557760193451370512e+00
7.353306301410444057e+00
4.387159859791972316e+00
4.951395318240428445e+00
5.484351430676008832e+00
7.281522970296514075e+00
6.913306143132574633e+00
4.485784853002162897e+00
5.802440334389070031e+00
5.397992902607647636e+00
5.827809025903352591e+00
5.223362515097850434e+00
5.071914382575712033e+00
4.694766311676199066e+00
4.508259106895911472e+00
7.991084774357803511e+00
5.306122434877393879e+00
4.257456096676722979e+00
4.335496168262587879e+00
5.248684092804460022e+00
3.821270900834325968e+00
6.992513840412689419e+00
5.121941029984487415e+00
5.009277692656841197e+00
4.080222146343055023e+00
3.677706165229442270e+00
5.368770870148291685e+00
5.623135564267834674e+00
4.256871509753361593e+00
6.086446062028827875e+00
8.685622084771416951e+00
4.550101136326981432e+00
5.453391313205628421e+00
4.562393953851783479e+00
4.336755329147004900e+00
8.346282583930440424e+00
3.460256419404804440e+00
5.843201330980967612e+00
5.311134521837933775e+00
4.895399371561198087e+00
4.583003029849572307e+00
4.315920631721496648e+00
6.345728587576931368e+00
3.847069327853655629e+00
7.332452502531016769e+00
6.710067178914789210e+00
4.834116782236554499e+00
7.002972508954906417e+00
4.999278238813383624e+00
4.073240556939429879e+00
4.832480063838746176e+00
5.009208996631925537e+00
5.424196563729333675e+00
5.591045485896065870e+00
4.990919551189495706e+00
5.559356753013714680e+00
4.365958877035331476e+00
4.499874936269256054e+00
4.300025266755183928e+00
4.360875301205741295e+00
4.223992097595961503e+00
4.784239352034868276e+00
4.028770789593249191e+00
4.476866197944042725e+00
4.442977744174329224e+00
5.478541282023906334e+00
4.490125286844692809e+00
3.943516623294385681e+00
5.323916366889632101e+00
5.495605165565653039e+00
4.473219876475861057e+00
5.493739925963037507e+00
4.478324712171161792e+00
4.563234858559853890e+00
5.276412169625587012e+00
5.641665274746324954e+00
5.230396199651989875e+00
5.036498861634600033e+00
4.694806774376447223e+00
6.056727645386621006e+00
5.531226350190772578e+00
5.068106228427682325e+00
4.178226076176454917e+00
5.186828361755862815e+00
4.757174915168980611e+00
4.033718148886817900e+00
3.885544900074663133e+00
4.674589338973699881e+00
5.535806120521741036e+00
6.154525719547706331e+00
6.040212765849402921e+00
6.058144548080072411e+00
4.562000159638553320e+00
4.374520935866675231e+00
5.591863072925661982e+00
4.778950008158027174e+00
5.179956044019233374e+00
4.386372506574917729e+00
4.020286559964544537e+00
4.624254959631011630e+00
4.903642607276253784e+00
3.718257132315800018e+00
6.819215793747564369e+00
6.024988796418758952e+00
5.636341545824434363e+00
3.557592816240659594e+00
4.617155470401259620e+00
4.808457841506006858e+00
5.374484292963250809e+00
4.438872869152617362e+00
4.897447526991742350e+00
4.146688453936004493e+00
4.574009816064784850e+00
4.311701584126622855e+00
4.335507223549329936e+00
4.874292577322989928e+00
4.108458287711527213e+00
3.791826702927605375e+00
3.986553086867091089e+00
4.711253678994363980e+00
4.977432295201182022e+00
6.001894982070368201e+00
5.834961557572456492e+00
4.197594905894010964e+00
3.947691107743809269e+00
3.997739847564134585e+00
6.966696556472016688e+00
5.564649715254393669e+00
7.000783348119361982e+00
4.400791479020304209e+00
4.558294540750456036e+00
4.314888469955636019e+00
5.114501905329424503e+00
4.404380962297802959e+00
5.537185626941102612e+00
6.385613849458499303e+00
3.619037037477148999e+00
6.591133827390281752e+00
6.762655442604318168e+00
3.665005853292240268e+00
7.087015210500669404e+00
3.701420349897685647e+00
5.167372949746445343e+00
6.703231042466712530e+00
4.262249242948581873e+00
4.157690478230010811e+00
5.059875183908131291e+00
4.540534405623428249e+00
4.085270138360678871e+00
6.464571251547715391e+00
4.137349416983132855e+00
5.144287788658038707e+00
4.152491215096758559e+00
5.289231636125935054e+00
4.498181513568938250e+00
3.876598630092233044e+00
5.057676715988581151e+00
4.926727048152693911e+00
5.483475533974173644e+00
5.843635835834728454e+00
4.061609651855892622e+00
5.156063953509050890e+00
3.717522591068610716e+00
4.097721402720986283e+00
4.163602312505424230e+00
4.767292767906891271e+00
4.810181191767072484e+00
4.368182592800240016e+00
4.036224039896810112e+00
4.853926758081132498e+00
7.192646788579429185e+00
4.562812393207177131e+00
5.249060487267731112e+00
7.449283034794883740e+00
6.805264887647484606e+00
7.469981728571903901e+00
4.442344844908800106e+00
5.042114980504630140e+00
5.383014540286055194e+00
4.684063427376935707e+00
4.257483995914297381e+00
4.340333486673149110e+00
6.299169032942945279e+00
5.322310102605548821e+00
3.488762562692489411e+00
6.674380556085632854e+00
5.150922611785906824e+00
5.705616466280974741e+00
4.060342508733255862e+00
5.185045058403943585e+00
4.198187014827928110e+00
4.301099036536145448e+00
5.478585932181949225e+00
4.823874922218440275e+00
6.322085298039191947e+00
5.483816564659706572e+00
3.775049008930138505e+00
6.659198721854918901e+00
7.114063370192553748e+00
5.376677717305880400e+00
5.549500920571180274e+00
4.488885266345302938e+00
5.543883593780345009e+00
5.789123233200392349e+00
4.849128632064003241e+00
6.216206754318400307e+00
5.432221794442432916e+00
5.324538788796704836e+00
4.280721858702333904e+00
5.936387130715137239e+00
4.760469563477104593e+00
5.292982307160024824e+00
4.943404631978724595e+00
5.198067848917736100e+00
3.392066599544207417e+00
6.470176704179619875e+00
3.701777527361322484e+00
7.552490993005820386e+00
6.115079278210508562e+00
5.982948266784006819e+00
5.344945959799196622e+00
6.934543418151253746e+00
4.606723094814670461e+00
5.247253972001477251e+00
6.401448035282326643e+00
4.101998095183114756e+00
3.423251614716062541e+00
5.445634374565065272e+00
4.211555251115141729e+00
4.810367301706790499e+00
7.020494631418617182e+00
4.742352789469825858e+00
5.271049243714783117e+00
4.178991374430237826e+00
4.793006824637331853e+00
3.815627246908686487e+00
4.935865427355879298e+00
5.068975449949714829e+00
5.351619321927262973e+00
4.032351835641927451e+00
5.690304185479853949e+00
1.021141184581630057e+01
5.311089423599005599e+00
4.522159973280586165e+00
4.346185358418758860e+00
5.408266454481539753e+00
4.453456420150655681e+00
4.493443189743516086e+00
5.563524004433507919e+00
5.481903405866296097e+00
4.978258948626995917e+00
4.892368993423563239e+00
5.572478907292048866e+00
5.651184086094673376e+00
5.610202645514460684e+00
4.447679367306324849e+00
4.894289484820157909e+00
5.433777008766775829e+00
5.229342564706437102e+00
6.879953462196493064e+00
5.934176593201988759e+00
4.680684278630161010e+00
4.642682266533434188e+00
4.956773606036088076e+00
4.257510406110683654e+00
5.546448346735889601e+00
6.434911150559756265e+00
6.094428283289589743e+00
5.476280006337258754e+00
5.504940604005377658e+00
5.305828813001418176e+00
4.112096191531984246e+00
4.737730144401870902e+00
5.006382086347025862e+00
5.341470952669842731e+00
5.045494657082134182e+00
4.425408833471095704e+00
4.104860718767524119e+00
6.312383071945719237e+00
5.214606973608915119e+00
3.633197622292312801e+00
6.647058755276775699e+00
5.805357081663306218e+00
4.665950202960658544e+00
4.317798740806237490e+00
4.253911599316252179e+00
6.836014584744971145e+00
5.128072935208064287e+00
5.306169167889716931e+00
6.596790850541387918e+00
6.519749232761673952e+00
5.710323844434728180e+00
5.272376896212191966e+00
5.714759933166799755e+00
6.092575185869977261e+00
4.706216905526883210e+00
7.955343192977608169e+00
7.081044419640279308e+00
6.123985755788749152e+00
5.483299981056206640e+00
4.723859331898182745e+00
4.324566051402147338e+00
5.732747852661692178e+00
4.943416911484308507e+00
5.259896765254817197e+00
6.231250240983112754e+00
5.978388354166497720e+00
4.822440397318453975e+00
5.543449120344503100e+00
4.648777055428028326e+00
4.370206516755682280e+00
7.513233492912275047e+00
4.740918956044842147e+00
5.889363167921992215e+00
4.775265308783367857e+00
4.396795268138848023e+00
4.349659280548721085e+00
6.542160952792963613e+00
5.783688808238083290e+00
3.958232368060615070e+00
4.630709569005607484e+00
4.680431799139016746e+00
4.520097617479769347e+00
5.380557699035950492e+00
4.698426298612574215e+00
4.591306507994623587e+00
4.686016359720442281e+00
3.951529950785853007e+00
4.011069013775835579e+00
3.872460131621370927e+00
6.515405875891305598e+00
4.318579702043767732e+00
5.076125561175278023e+00
5.086115798223707962e+00
5.356444965819856741e+00
4.995637322140569658e+00
5.651099989857065964e+00
4.438569934864797339e+00
6.732012961376771187e+00
4.935961555718128224e+00
5.188648619802531670e+00
7.896260542554446538e+00
5.859342128159489960e+00
6.299864008583755393e+00
6.481029320070798683e+00
5.391301853865305915e+00
7.685258930333890959e+00
4.221025670341260749e+00
5.779782920509690669e+00
4.263034290115820468e+00
6.704175372106613295e+00
8.419667959354047326e+00
5.550948570809811855e+00
6.576288278127853104e+00
4.390364203894233874e+00
6.482967079653040088e+00
6.162138967329121364e+00
6.098283070965206498e+00
4.301909357021139080e+00
5.689222270752448907e+00
5.425025507840414818e+00
6.734342245363784230e+00
5.483706758265560310e+00
4.398014475676577995e+00
5.254020011193690998e+00
7.246336991992659016e+00
4.916649657786234862e+00
5.378296432169841879e+00
4.979044149618093051e+00
5.913525854323262720e+00
5.347700952491269533e+00
4.754095715092565122e+00
4.497748995252178972e+00
4.747594221571573847e+00
7.282159650865471789e+00
6.181995859249514780e+00
5.415516872403465243e+00
5.740748394508718988e+00
3.950666477900566687e+00
7.077057151176371796e+00
7.096641087910094292e+00
3.582901486909154887e+00
7.998508197042303536e+00
6.271672476262144968e+00
4.350652943514599968e+00
3.880768830042891970e+00
5.023016600519840225e+00
4.592856683952236452e+00
6.041237236912145647e+00
3.619951456160434233e+00
6.021682164206902499e+00
4.615385171559230670e+00
4.510218644681617484e+00
5.384101156952278089e+00
6.515788751824336700e+00
4.004871663229586431e+00
4.303259203764622676e+00
3.758978469344117279e+00
5.897853876335598322e+00
4.051688211860382971e+00
5.318862507271330031e+00
4.249990853441566685e+00
3.298193677510969923e+00
5.834231351938711896e+00
5.324540682770972921e+00
6.664736588238119985e+00
3.873964045930832878e+00
7.892753485706236916e+00
4.294803445278779108e+00
4.558510160156837188e+00
4.718910267069158948e+00
6.545376833343413914e+00
5.046854829356368199e+00
6.062667080108795403e+00
4.144480398477647043e+00
5.895396312973650410e+00
4.798051997058919937e+00
4.948149963815854591e+00
5.264588226317062691e+00
4.870852719280372334e+00
4.524402577281999349e+00
6.974691221110129291e+00
4.351060983865444598e+00
4.952545233820081272e+00
5.445837742059269182e+00
6.275865614855073105e+00
5.218114097960341979e+00
4.024706039307185179e+00
7.416077386687145889e+00
4.886463292901707334e+00
5.023777191810623322e+00
4.317738896600336496e+00
5.252260845157389113e+00
5.090106819667601812e+00
7.771047853831302810e+00
4.199435075219362545e+00
6.626925455057813608e+00
4.514332820112912259e+00
6.382488674484561031e+00
4.273996188000999119e+00
8.024890916541583152e+00
4.736885997773385704e+00
3.638553702903156939e+00
5.354387739118693368e+00
4.543175178050850249e+00
5.092865496276962389e+00
4.960188747584614255e+00
4.962329536417039222e+00
5.838909015249037715e+00
4.147000260358792545e+00
8.178635164325623208e+00
4.039598577687727676e+00
7.062285859191524295e+00
4.987972323652170914e+00
5.323610310526222023e+00
5.524408763142309553e+00
4.231374281844722418e+00
4.699204682903483032e+00
6.101536533182184030e+00
4.224896367097226602e+00
6.117830485074393643e+00
6.829063034967543189e+00
4.140906045341013808e+00
4.181861000793311689e+00
7.142929206565737488e+00
4.552666546318940632e+00
4.902171701589610464e+00
3.625692945897165842e+00
4.489549754352361255e+00
6.119976590501783775e+00
4.757663456273620639e+00
4.822945153664326412e+00
7.362021698437683170e+00
5.336642383112641497e+00
5.323019236666405973e+00
4.758214595760068555e+00
3.617285832615780627e+00
6.109153454793638360e+00
6.472070132795042952e+00
5.424346453824712810e+00
5.769429077895117608e+00
6.245539677641688492e+00
3.640265880012388156e+00
5.508977593998331201e+00
4.690633793045731359e+00
5.274464822840771561e+00
5.188721377389320821e+00
5.311242579425156762e+00
4.375235329098480008e+00
6.542890631361526488e+00
4.326670131082662962e+00
4.258990912774670790e+00
4.552257735386992188e+00
4.129819194673650884e+00
4.723141935036102801e+00
7.421829722167353260e+00
5.363066521755432525e+00
7.797926083523646135e+00
7.188703092078385204e+00
4.255329346125336976e+00
4.424818128984102650e+00
4.528144675650049855e+00
3.898041352877665844e+00
4.778180284484059293e+00
4.135199732272365480e+00
7.196908111982492251e+00
6.609977044358601006e+00
8.585266701652042087e+00
5.733830448471772812e+00
4.136207208920713363e+00
3.915493519746161777e+00
4.266607365836851073e+00
5.755335983758055107e+00
5.083420641822934627e+00
5.839136998704085535e+00
4.153414214869211918e+00
4.227591552055030455e+00
4.695344693190137697e+00
4.886021066022678383e+00
4.565863665377910330e+00
5.833379187236098495e+00
6.959892049564263772e+00
5.002837230873472762e+00
5.409604228686131222e+00
4.840262284090989020e+00
4.568158165894578460e+00
4.462979865296677673e+00
6.520503205989042428e+00
4.658827127142591173e+00
7.791015168471708385e+00
5.955364162820155016e+00
3.992051034217340533e+00
3.961335012341366202e+00
6.649502352376687853e+00
5.249412237742715703e+00
4.633214691936194285e+00
5.124854707994646041e+00
3.933244244519012334e+00
5.301791946662935295e+00
5.369436200967141914e+00
4.410883518670208225e+00
5.247961947173775954e+00
5.088016885879734552e+00
9.165977816103147546e+00
7.053879942892230304e+00
4.517422597606892687e+00
3.942614458005754496e+00
4.126546167766802498e+00
7.214049902918766577e+00
5.799046131968335516e+00
6.384887531312632092e+00
7.379627417535004952e+00
4.865452275588384445e+00
4.964230188470854621e+00
5.120075294195818749e+00
4.822400861124133797e+00
7.705115100445841136e+00
6.377859868942762134e+00
5.904411826927198348e+00
3.965759992980765869e+00
4.249277208869003175e+00
4.462393509579132278e+00
4.504279901309917733e+00
5.021780863520861615e+00
6.492915032390790486e+00
4.757683700962698659e+00
5.398455299170706212e+00
5.183598545384079159e+00
3.756908873324481757e+00
4.064983314585036922e+00
8.489108448108844129e+00
6.467250528634344242e+00
7.590232545783305973e+00
3.818325528836559180e+00
4.203129267814491143e+00
5.012832123743949708e+00
6.232928647978158487e+00
3.799826919335050235e+00
5.273214687205131312e+00
5.588483036522521985e+00
4.833324861036066622e+00
6.396588630832377831e+00
5.817488047916569371e+00
6.297360943381313803e+00
4.850032867502266143e+00
5.003453097460851318e+00
5.838262821593785290e+00
6.239896640939612382e+00
6.637163427319654474e+00
4.527369845076917976e+00
4.928887668646117604e+00
6.659428643219719390e+00
4.000207909866792200e+00
4.505935278936950894e+00
4.030820996414649748e+00
5.402025735802002515e+00
5.755253324096617717e+00
5.071516208845014972e+00
4.214839565340771976e+00
7.443902232375084083e+00
3.899516448888036280e+00
6.229679637300741035e+00
3.316699033143150288e+00
4.547834513055587280e+00
6.211681809146273991e+00
4.382444270553699006e+00
4.176752637523756917e+00
5.667737785132517914e+00
7.341052421631425240e+00
6.569362681385662484e+00
4.562436748101012185e+00
5.118349355060114902e+00
5.635775462002214908e+00
6.536100902697643988e+00
4.353532591560342446e+00
4.567518214676354660e+00
3.483120218591481798e+00
5.069643626204285880e+00
4.211965417818889001e+00
6.616685727300255948e+00
6.993075338024407728e+00
5.037152512002274207e+00
5.018323134229303761e+00
4.927282347674116991e+00
4.260172617668112949e+00
4.866543947017282434e+00
5.793455982974851537e+00
4.114421062140355190e+00
4.103459924371412271e+00
4.264287331191320085e+00
5.652676920791793513e+00
4.203713221128130506e+00
4.811022292702717529e+00
3.741597049714681766e+00
3.542543061828954176e+00
5.546351713396070693e+00
6.112351343248519697e+00
3.948783064144966382e+00
4.373844980658210702e+00
3.665491376068128915e+00
3.903203578512480565e+00
4.441463367185493283e+00
4.980493836863821855e+00
5.336152439710403428e+00
4.201731069498791271e+00
4.761355988671445161e+00
6.483265215298738227e+00
7.067313778281579140e+00
4.251434914985963154e+00
4.124130012394028988e+00
5.822002916543711493e+00
4.591387727966899313e+00
4.652171542250743030e+00
3.599843910415140957e+00
3.903297297289754830e+00
5.447276519171502684e+00
5.428984095110111596e+00
5.297784586510479343e+00
5.351774398276081257e+00
4.945104008319704647e+00
6.161591575355353179e+00
4.238157644957595949e+00
6.178590676977815832e+00
4.049540140846732861e+00
4.585338494061798720e+00
5.540416849562987522e+00
5.181797705244590269e+00
6.039615117399954158e+00
6.069390131990622272e+00
5.242529909132747079e+00
5.662048261404219573e+00
8.591694621898263051e+00
6.896714279934332836e+00
4.598100243525644615e+00
5.914447070787504757e+00
4.230011754191171924e+00
8.557180013803993290e+00
4.104798354080189782e+00
5.849119138529472295e+00
5.263197753553299663e+00
4.154216129126463208e+00
4.532972826330023963e+00
4.621390775101973603e+00
4.478059614787953002e+00
6.011326248013282303e+00
6.985742650088043959e+00
6.397968711195366254e+00
5.647640776224964299e+00
6.573540622784566523e+00
4.332057708612797597e+00
5.238228640018864901e+00
5.723133455053673657e+00
4.433363372998035068e+00
5.628373909100995220e+00
5.056350992633177555e+00
4.810615883273975157e+00
6.171399090484762873e+00
4.050360667230083145e+00
4.586303624697459114e+00
5.121991421354817220e+00
5.570631534202975743e+00
4.934591003822441202e+00
5.095067572973149161e+00
4.193622333525936163e+00
5.490874191634379287e+00
5.913106692526419295e+00
4.253640491868839746e+00
6.131227005810468533e+00
6.559952821546890078e+00
4.486593443468535725e+00
5.697830561075855726e+00
3.969760968548092350e+00
4.408067926376830314e+00
4.162370868466075180e+00
4.974094212626066103e+00
4.236980187587299440e+00
6.150815159347903460e+00
5.413504211142494249e+00
4.150251712227064793e+00
4.013073775232863127e+00
6.187735836530937839e+00
5.124201855006417894e+00
7.872344961052761825e+00
4.534368105780153257e+00
5.237663250847463203e+00
6.573584068402309910e+00
4.100500503508770933e+00
6.125804666037810264e+00
3.943607627047398978e+00
3.440775532705774076e+00
5.396083812311213812e+00
4.854112185651271005e+00
5.821723107511122208e+00
4.302682862408126141e+00
6.360058665153983881e+00
4.677688133983266106e+00
8.151424965601576034e+00
4.667845036310499296e+00
5.598151477018149080e+00
5.563349801483140844e+00
3.939314740041832685e+00
5.596017860807112498e+00
5.574874702395609560e+00
6.516346138522343345e+00
5.967322828757079201e+00
5.950229438973359208e+00
6.226925863534772176e+00
5.034331069345693521e+00
6.479958609735890107e+00
4.930946919533987227e+00
5.957601308605539714e+00
4.304215419276795629e+00
5.242870916093085754e+00
4.584130863508510068e+00
4.407470743632665666e+00
6.013787055154734773e+00
8.136083120454800977e+00
7.090311926293361822e+00
4.814532996587742808e+00
4.210711110246122324e+00
4.415262496303139272e+00
5.425491905503504242e+00
4.268814536938323023e+00
4.363457120752419982e+00
6.384615394970246882e+00
4.398385118481463962e+00
5.524551521682283806e+00
4.328376741743545253e+00
3.877901184833485004e+00
5.776319049349513790e+00
7.729343583995101241e+00
5.985921461543386890e+00
4.134943655787451711e+00
6.607267802432854609e+00
5.412906700986868103e+00
5.117832262066361437e+00
4.902233084963143028e+00
5.042066113507589264e+00
4.498586170522507643e+00
4.742945071275794788e+00
6.094708049642388659e+00
3.753609648916163444e+00
3.848576939232538852e+00
6.149304755952110568e+00
5.329871152677667645e+00
4.444400118147219914e+00
5.762328930669414540e+00
5.000525448185210386e+00
7.094091751304286042e+00
5.808533340634518538e+00
5.064461458736801092e+00
4.321898234588325671e+00
5.512611157183231470e+00
4.171009453733862671e+00
4.432574727549925875e+00
6.562066527662931747e+00
7.964168065731220381e+00
6.853660212034277777e+00
5.362843509781569651e+00
4.134494758722167873e+00
7.090207957940939387e+00
4.568673153672145659e+00
5.836643007862257093e+00
6.353149302271244636e+00
5.890944549225793025e+00
4.902982281166258893e+00
4.813824932201180573e+00
5.409938633544436826e+00
4.100812620666333785e+00
4.621254133970317035e+00
4.942808199024756988e+00
4.796025469777899453e+00
5.185840698018989947e+00
4.337029123539688946e+00
4.888573204645453529e+00
5.416562441950294904e+00
4.377626128077860557e+00
5.485996865949215540e+00
5.892349066029008320e+00
3.701224328201027980e+00
4.379592185966323825e+00
4.650619976047853044e+00
5.715446142573346933e+00
6.355881042466961617e+00
7.710698357515171075e+00
4.020985084502664009e+00
7.090621521869809207e+00
6.259566639686733325e+00
5.575965320248900348e+00
5.460271299873966200e+00
4.310646769666933054e+00
4.094505045003525190e+00
3.993096321306733643e+00
6.677248876740941697e+00
7.820657480095281500e+00
4.420076830132472878e+00
5.452865915381170936e+00
5.092601531684763927e+00
4.890423732640863719e+00
6.095616757543991682e+00
5.262428494632096942e+00
4.007266624784699083e+00
3.888441260033449698e+00
6.717404106579503598e+00
6.709633277783629168e+00
6.232363031240772067e+00
5.670001634113358335e+00
5.567771009781267821e+00
4.306853360578084100e+00
5.813425879915408601e+00
4.468874703312346597e+00
5.649457419531421110e+00
6.258202342489886938e+00
4.769330776148951401e+00
5.753166277763234859e+00
5.109624820848963189e+00
6.142256978397217182e+00
4.886204130968501147e+00
5.435184662078189177e+00
7.157940885565385436e+00
5.513068181776370480e+00
5.988170698388183055e+00
4.455381025448580168e+00
4.757794967626418625e+00
3.960576395988544274e+00
5.974624037772615637e+00
4.562384385309811385e+00
4.173369182891628171e+00
5.969265023189802122e+00
6.006004641109818465e+00
4.749215040462241078e+00
4.827675873672022000e+00
3.692694108823478594e+00
4.058701367523232406e+00
4.803940489486741683e+00
6.968145488111543884e+00
5.078770788803046443e+00
3.951313629338433220e+00
6.583000080685154742e+00
4.514878447106001502e+00
4.733304198843753419e+00
6.012326688327883417e+00
7.156699273406679218e+00
4.136245608584308897e+00
5.710739852302476827e+00
3.995456250599606740e+00
5.221594398522233504e+00
4.837218163502363666e+00
5.634987287771116016e+00
3.892283412879472770e+00
4.324543586666790063e+00
6.264175636976596628e+00
6.029917018938798279e+00
3.883793113153123144e+00
4.785655293920344278e+00
5.085107324286143538e+00
5.372089196739040062e+00
4.459982068066835836e+00
6.411706151957959676e+00
3.821636968836000126e+00
4.733945210909812573e+00
4.624599819981016324e+00
4.512860246768389594e+00
4.515606862057711446e+00
5.206148758669021603e+00
3.581070814734319541e+00
4.490203918066229427e+00
6.739182434391392640e+00
4.889042616923953588e+00
4.839658848566555704e+00
4.715141381514399654e+00
4.180303573080853319e+00
5.214854201156552627e+00
4.916344405137958340e+00
6.217469867200438927e+00
5.046832549327785244e+00
6.209681353351462541e+00
3.911389023434086010e+00
3.464342473971533387e+00
5.025932525302632570e+00
5.159498183094790136e+00
4.218932282869110928e+00
4.473051314566862224e+00
4.820448504333201711e+00
5.807469011471224185e+00
6.060762078460818714e+00
4.171237640498805632e+00
6.796922977218340378e+00
4.700876793726071590e+00
6.764361607015025868e+00
5.097416976915562614e+00
6.295694970133639323e+00
5.276164456364357491e+00
5.100523861819527660e+00
5.758611570887132380e+00
5.831568602873339557e+00
3.825698510814838027e+00
6.901235222693430593e+00
4.543569726120488816e+00
5.769335459273731814e+00
4.396396096509574747e+00
4.917607672197618740e+00
5.925837138455484876e+00
4.397866637189221883e+00
5.657616157141429625e+00
3.506418086040373083e+00
5.188045096687087465e+00
6.253187190928658268e+00
5.846715541900225688e+00
4.751203541171149070e+00
4.547655969264445375e+00
5.300458405185207056e+00
5.291730077568068680e+00
5.150938866395193827e+00
5.879442996203422922e+00
6.805094739537921100e+00
4.746442726810442103e+00
3.931920875018370953e+00
4.769477283163404913e+00
5.917372913726156369e+00
5.793599020186629645e+00
4.722858423489133983e+00
4.780523506496177077e+00
4.909867591881051041e+00
4.621092964645052703e+00
4.673310183601323331e+00
6.419017641775644378e+00
4.055491486624820396e+00
4.118204884807321164e+00
6.519457278449451998e+00
6.004097181407638928e+00
6.286167778051996891e+00
5.553553746755731879e+00
7.157428388804722097e+00
5.511684724786801048e+00
6.456731477743954173e+00
4.396900371522264095e+00
6.141093318974133908e+00
5.411171453279747467e+00
5.851365624120369091e+00
3.667878205839914862e+00
4.125976128864858872e+00
6.538174782615374880e+00
6.841462557193583649e+00
6.310613067149990485e+00
5.715704752599522820e+00
5.087729159546077184e+00
5.677134823343370940e+00
5.096454567925693624e+00
4.895130686448578849e+00
4.236963187048239377e+00
5.126895776220356638e+00
5.727150061398795344e+00
5.423769299647532627e+00
5.434318508558769523e+00
7.660884138805323040e+00
6.570245878254108440e+00
4.198914371085142427e+00
4.093619369180002465e+00
5.306529868233583080e+00
4.375256214193121274e+00
3.604083410165681123e+00
6.752970061247932421e+00
4.020855878142678641e+00
3.685947826138734840e+00
5.799339317774903080e+00
7.863624967270250288e+00
5.074554910545038489e+00
5.932889891567607599e+00
4.526467839198453191e+00
3.968082727787925812e+00
6.820178346407222314e+00
5.631176602445092882e+00
4.816503209471672875e+00
3.835187650211430821e+00
5.558089008709971246e+00
3.558171874167740611e+00
3.825462299676176237e+00
5.407538487967946672e+00
4.979448014708569126e+00
7.349041339616328550e+00
6.127599480762606632e+00
6.129265259025830304e+00
5.728928769249894692e+00
6.546624856926420044e+00
5.953865935789734110e+00
5.316670569064340768e+00
6.930778790630656161e+00
5.972490121155905385e+00
5.774598251788471082e+00
4.373840102890710568e+00
8.833998987288289584e+00
4.640757429757109698e+00
4.501059194768882499e+00
5.657783418225220906e+00
4.646540193407313168e+00
3.815032873766066590e+00
6.358216426564096579e+00
4.885293360928707251e+00
4.934912268241340882e+00
4.861278858170627437e+00
5.142208743667182169e+00
3.950829914847679092e+00
5.650423365473571380e+00
6.866305659539302830e+00
5.367437709256750011e+00
5.110705235700171656e+00
4.856264595420521246e+00
5.840112394215717373e+00
5.890048209273039959e+00
4.676707324438114100e+00
4.617997732944669309e+00
4.997761984445479477e+00
4.806351683806997066e+00
6.436428489306335265e+00
3.315928113722676596e+00
5.089374063413401927e+00
4.077231581886916700e+00
4.308661654807366403e+00
5.383665666728809640e+00
4.665623610544226807e+00
5.546139748204536701e+00
4.529327375226102959e+00
4.434017386597118637e+00
5.549133275377876373e+00
5.475601949078175323e+00
6.591015631732314972e+00
5.008920042537286399e+00
3.785618053364337321e+00
3.764009810444544968e+00
5.637570090238048337e+00
4.157995357677431336e+00
4.692467307800157528e+00
5.128481202948851347e+00
4.953649796258956073e+00
5.771552140621528437e+00
3.984865687323821959e+00
3.504523060855930350e+00
5.225077611493226470e+00
6.877597526033088826e+00
6.053721004352865975e+00
5.606365303176504611e+00
5.235274129068746340e+00
5.150986806571861365e+00
4.189116025087280093e+00
5.018247169175827693e+00
7.666739918377059482e+00
4.337319300884638906e+00
4.271248528056132088e+00
5.544657831821488969e+00
4.697610971179253525e+00
5.216082880948041733e+00
3.786930852509681422e+00
4.859438454048987666e+00
4.579256735005072798e+00
5.306122683986156829e+00
5.311805705620534113e+00
5.958000278862494170e+00
6.107721708199531641e+00
5.229837779956785226e+00
5.211056852714412990e+00
4.023807644244259407e+00
4.729367208742554674e+00
5.278193850223940942e+00
6.467551957214226377e+00
6.705279149247411752e+00
4.351302362863394890e+00
5.843369418770979706e+00
5.224978155238952482e+00
4.750671577404263601e+00
3.610652833907991077e+00
5.843483781562504475e+00
5.036976132327449562e+00
4.798515649413165995e+00
5.272628556558306201e+00
4.865881731000110122e+00
4.744455174076070314e+00
3.635363077209011529e+00
5.729362695431878372e+00
4.483557072529817056e+00
6.167601811815837110e+00
3.751102583461960460e+00
5.711952640722394392e+00
4.474589696294858143e+00
4.333167910509672538e+00
6.357656914241481161e+00
8.598759553420080692e+00
4.873519960044792043e+00
4.883170204401283243e+00
4.020854696334302147e+00
6.460600707252435626e+00
5.515363946799952899e+00
5.758460700625614770e+00
8.747223186703205755e+00
5.625463377501702666e+00
4.648898243633839300e+00
4.682893956150135040e+00
5.534784415426086568e+00
3.929868773768725898e+00
4.867355978239823244e+00
5.025245019806630964e+00
4.106123815864653359e+00
6.806033666122588421e+00
4.511325592665272666e+00
7.720622317470342111e+00
3.872617315784484759e+00
3.811682786287041491e+00
4.184249127546548763e+00
3.915115580294031616e+00
5.170773803198208896e+00
6.024295381870018673e+00
6.098877666194820968e+00
4.080834295213051632e+00
4.814892270259722551e+00
5.196073152619790747e+00
4.904699104528725151e+00
6.112121676936651760e+00
4.235589459298306103e+00
3.867893713249113574e+00
4.480554540102065886e+00
6.252528947403446224e+00
7.259650535197530452e+00
5.350032433495073292e+00
5.592790359345276130e+00
4.403766289894693209e+00
4.342921393626226312e+00
5.378652385961466109e+00
5.272202749181120751e+00
3.800841306962397859e+00
8.099854406649388494e+00
3.711694716449116527e+00
4.104503067446216846e+00
5.441388999855202968e+00
5.793004480184611893e+00
4.369456493912791117e+00
5.631389106655461774e+00
5.711518756255120621e+00
5.251149339217159095e+00
5.131868302791790626e+00
4.774298415870684487e+00
5.836391107588104532e+00
5.836472554464847917e+00
4.956006416454799002e+00
5.816442878677124284e+00
3.840447773754468663e+00
5.367652286914787574e+00
5.212290481088730942e+00
4.687322241629456876e+00
3.869435003189541256e+00
8.032460531643167201e+00
5.801126451149096752e+00
5.133749623249857841e+00
4.829279096328916943e+00
5.929671961249386669e+00
5.351179936424558470e+00
5.037328435221738232e+00
4.217656837590047836e+00
4.563712558216868054e+00
6.812796604456414329e+00
5.759691006744210640e+00
6.158310323028283406e+00
4.410442935629380834e+00
6.295165000448680104e+00
5.375442396415499147e+00
3.965460703137463572e+00
5.379316558056970621e+00
3.563076781321469877e+00
5.261463812854264788e+00
5.445833082391475344e+00
6.095949388418979709e+00
4.408311564475112299e+00
5.106936604786564970e+00
6.567502598872403397e+00
6.074401398134204655e+00
6.248931788239377561e+00
4.107181271616875406e+00
5.905130982221074021e+00
4.887302639612768118e+00
6.985159204435285929e+00
7.586972258567720395e+00
4.562383022167717073e+00
4.281845629906796624e+00
6.323620292493425943e+00
6.653968506181588971e+00
4.537343890636691413e+00
6.552896928094908091e+00
6.274448675277445986e+00
6.092405729539883019e+00
5.225943717956456069e+00
5.934695757621915035e+00
4.342061733393605572e+00
4.128538373755848312e+00
3.583759637393193032e+00
5.225165234903331068e+00
7.778571290946327821e+00
4.532862862104471091e+00
4.359116910524244659e+00
4.745445556424693123e+00
5.341842182771347147e+00
4.443356430992340123e+00
6.118412308678806255e+00
4.706425459613067908e+00
4.758428648617957890e+00
4.503549382970907899e+00
4.571602346208221590e+00
5.367353400960741538e+00
4.918518428834588896e+00
5.134848782931573652e+00
5.592583409682541529e+00
6.824152349818158214e+00
5.674049981255956610e+00
4.936442541192621825e+00
5.328587984141025302e+00
3.628552781091667345e+00
4.870245081322723379e+00
6.265324743345267677e+00
7.042685408444332218e+00
4.240693354315888897e+00
4.165022329094750120e+00
5.881145580272979956e+00
5.379188926012619554e+00
6.532992592809700128e+00
5.686475496615922332e+00
5.540414335267097812e+00
4.323432501167745023e+00
5.707734904672770782e+00
3.961810707352272143e+00
3.936976658712560084e+00
6.255674886820512981e+00
7.485357637400492870e+00
4.991980185590774610e+00
5.185397827654433911e+00
4.460644331242892058e+00
6.670959647269407711e+00
5.053191812480907430e+00
6.891530106146628754e+00
6.089212813046279038e+00
4.876599833529323469e+00
5.549693994730998448e+00
4.885270194824308021e+00
7.944771305086652191e+00
3.902163671422283819e+00
6.712544388735992129e+00
3.889456166519154934e+00
4.830545982878625466e+00
5.089072590233581828e+00
5.200690278403460098e+00
3.804977176659180671e+00
