5.751732988885218667e+00
4.406240032709250798e+00
4.730945675490908719e+00
5.375879223021718722e+00
7.864693295205077206e+00
5.754436828660747238e+00
6.674504225444485073e+00
5.218443210378570285e+00
5.178083311101368658e+00
5.174829781864575651e+00
8.377497931140428733e+00
5.686374600148249137e+00
4.707834064414790909e+00
5.598122561173842548e+00
5.597388690030266289e+00
5.653686789546650715e+00
6.285764082583574108e+00
4.594996915770543922e+00
6.023137124646934737e+00
7.236997192831902126e+00
5.344768524012714295e+00
5.874368368845653166e+00
6.307095632232391225e+00
5.748583102250487187e+00
4.407155165097003113e+00
5.880066012242063600e+00
4.426882028845079198e+00
6.498191635880422368e+00
4.419013950940878566e+00
5.931741127212857734e+00
5.400253305318431174e+00
5.223517250780671972e+00
5.888381289093487680e+00
4.867174467256632830e+00
4.824398873063480586e+00
4.804769476698828257e+00
5.983525815688954808e+00
6.025709086821045446e+00
5.611287520186841071e+00
4.378615271154782107e+00
4.861294412134341769e+00
8.433655729891013308e+00
7.102896600346475964e+00
5.598458477659221444e+00
4.506384087038298070e+00
4.721676786815029558e+00
5.425964945879801604e+00
4.633689695006325771e+00
8.474295287449091774e+00
3.884442625104367774e+00
6.607881797382523459e+00
4.614490317743148218e+00
9.132807957074380312e+00
4.853139529356197635e+00
8.697636399035792110e+00
4.972751491230724241e+00
6.623105070630991520e+00
6.849965899680999115e+00
6.800687666200138537e+00
4.948782623173073603e+00
9.499692489236551296e+00
5.252281638903900429e+00
5.288516636599208454e+00
7.031120840935618510e+00
7.601396666224180088e+00
5.256405662903197218e+00
6.116248127111681754e+00
5.318714647623316694e+00
3.894928760782894184e+00
5.457799854404670192e+00
6.459959245573285713e+00
6.188470326818802825e+00
4.912487175921233629e+00
5.747058204346048527e+00
5.699278627139692688e+00
5.033268727504424334e+00
5.176696577568533186e+00
6.627695870481867146e+00
5.438615971093168078e+00
6.493286191118917472e+00
6.963424700060555139e+00
6.824382605228746179e+00
5.379469904170830041e+00
4.651302478270833873e+00
5.362836716153704941e+00
3.941238482885915495e+00
6.308292811440908920e+00
5.786702912600688364e+00
4.826210656627851314e+00
4.352268877465772512e+00
4.988454549504515612e+00
4.371597512892516413e+00
6.144489231666697471e+00
5.271200787726872505e+00
6.501058205405369606e+00
4.702517526015794758e+00
6.202981797467433722e+00
4.593801864160726112e+00
4.663837507423894913e+00
5.190571359130017548e+00
6.697048635531190897e+00
8.537571034236368206e+00
8.398400365808450729e+00
5.099052141845132446e+00
5.631225863711851964e+00
5.476275579057287679e+00
5.035005234468281188e+00
4.778881141250241882e+00
5.581901663895138199e+00
6.511105335807193306e+00
5.468262964798608294e+00
6.196155992923690015e+00
5.918184442461521755e+00
5.225584666216033902e+00
5.996838936848151391e+00
7.945582474250134197e+00
5.838955335997560780e+00
5.383200089814145883e+00
5.925485764156613655e+00
5.228808963845623659e+00
5.343386612119045864e+00
4.043024028469395681e+00
4.993927486549139871e+00
6.559613616186779517e+00
4.740620329873865835e+00
9.918979402108497823e+00
5.387660807938486229e+00
5.886858500299304353e+00
4.802426492796527668e+00
6.469348096471914999e+00
7.826612252554393301e+00
5.598660463906773188e+00
5.812171995426439253e+00
6.006021270793617362e+00
6.204843305888640970e+00
5.236558975128802196e+00
6.343628422048793070e+00
5.662481621987504710e+00
7.087041468606088301e+00
5.293104232109642204e+00
6.076877220705222626e+00
4.860022078514152355e+00
4.401723642449055340e+00
4.768730255639392901e+00
5.233648091547953740e+00
8.321730033812356098e+00
6.190084160756702758e+00
5.548345139136790394e+00
5.818877676491124085e+00
6.204372390784147484e+00
4.602944790873809922e+00
5.679725686897739934e+00
4.404206855171062251e+00
5.080515826688950298e+00
5.571361832983079410e+00
4.463371519827102674e+00
5.090977517824266663e+00
4.132724707717503776e+00
3.846466172515545789e+00
4.948639890383599749e+00
5.300188966152615144e+00
6.709312924938242162e+00
7.066887300310241926e+00
5.429462935422014525e+00
7.912847319508721000e+00
3.987636898288227538e+00
5.617081469127709781e+00
4.742029119097126433e+00
5.733329351915253724e+00
5.880815390759414285e+00
6.978109439906456046e+00
5.918860206470123231e+00
5.033116536864891799e+00
5.754667634531925202e+00
4.410311649393073630e+00
6.632919981325754222e+00
5.349761617356442400e+00
6.033346826551934328e+00
4.201670208648098814e+00
4.984884408166355030e+00
5.019209565315934540e+00
5.158242995038930800e+00
4.799476232694317446e+00
6.231820603936430558e+00
6.797155603497790466e+00
8.537212341539380134e+00
5.709920437805960702e+00
4.678503276415797885e+00
5.230749568652839798e+00
5.929622398379308379e+00
4.725277666604705828e+00
6.766251897322510089e+00
5.720341069241001719e+00
6.881035509794543259e+00
5.393603385109765114e+00
6.438423612464829304e+00
8.662881312961559388e+00
5.986545021472370998e+00
6.012325623918139073e+00
5.145405035082687206e+00
5.363377981344913614e+00
5.484349503595097985e+00
4.329922045682227605e+00
6.169566001542509781e+00
4.647621297395239992e+00
7.282713132184299276e+00
6.416786958189755197e+00
6.147980712921507163e+00
5.634312501958049779e+00
5.354314725509303763e+00
6.175354538587324527e+00
7.522604322618894557e+00
5.599057511741341919e+00
5.259654363434243862e+00
6.353351058703653464e+00
5.028031479796234215e+00
6.826330103628792223e+00
5.556866110422536309e+00
4.573172144510506243e+00
4.707895287831830089e+00
7.061733365964002473e+00
6.751185266856889911e+00
5.630952653974860667e+00
6.395924250660751653e+00
6.185636888320910742e+00
6.443958492618055978e+00
5.655525403237634308e+00
5.876986395038564126e+00
6.111346245249864140e+00
5.205760439838182485e+00
7.277589224003384594e+00
8.175784828251437375e+00
6.372747447697634016e+00
4.625716215866795267e+00
4.616721820325247805e+00
6.940891934417688702e+00
5.166886719862926469e+00
4.935690448918720108e+00
6.242877517510948771e+00
5.186221609654998232e+00
5.058701348202610859e+00
4.683933174872842109e+00
4.441154533204850097e+00
4.834862641526192384e+00
5.796915744266316395e+00
5.231725765140497586e+00
4.907876944786329076e+00
4.806800643291390784e+00
5.758386280882359820e+00
7.387962982955054159e+00
6.758306402282462599e+00
5.221702932535560393e+00
5.641950526937957733e+00
5.789890065488306092e+00
5.479188824346484132e+00
5.904164275473146262e+00
7.896281507999312055e+00
4.312780681684952100e+00
4.145221979793307199e+00
5.154099857918172489e+00
4.436901489789659259e+00
4.905617934871079555e+00
6.610855055394781132e+00
4.586649477069078884e+00
4.717037487271445784e+00
5.747635607609840491e+00
8.852436672628964942e+00
5.206996001538918506e+00
5.864842924269762392e+00
4.998530126347622726e+00
6.108403326223699636e+00
6.442185086092494295e+00
7.594245465159890962e+00
4.804660635840491523e+00
5.139697525983008219e+00
9.154345329134390141e+00
4.895356142083048923e+00
4.976382177988758926e+00
4.645009148662248677e+00
5.180716617437432170e+00
7.056793750250873742e+00
6.190069853575345782e+00
5.351139907195649137e+00
7.687829689876240380e+00
5.581375485595925667e+00
6.626442151686818605e+00
5.302396676389991015e+00
5.699174189769609100e+00
7.734222451136435694e+00
5.844900210521270623e+00
4.579102858859269709e+00
5.323079398844876131e+00
4.458505293609788644e+00
4.377069307076126847e+00
6.169645811361826659e+00
5.234316689882694718e+00
5.247293210398439101e+00
4.031879765276828564e+00
5.896577070957295774e+00
5.404096993611995359e+00
4.479429344719854988e+00
6.089706964465570138e+00
4.239044591252331351e+00
7.975013948294693122e+00
5.646229954506082116e+00
5.619037067715135336e+00
5.026924533113050764e+00
4.552684383514842281e+00
5.083141900938466407e+00
5.143644328786077580e+00
5.889003325412224932e+00
6.083550333898317675e+00
6.798874064439893061e+00
6.242678398148838070e+00
5.053354788998131397e+00
5.047917701380821853e+00
5.914856282879731530e+00
6.906043307661386521e+00
7.242266156066241578e+00
5.568130013455701466e+00
3.943377407984075322e+00
5.772821020448770213e+00
5.696819006350469117e+00
3.967028523132611006e+00
5.489671036203798593e+00
6.023526886468403063e+00
7.151145401463257834e+00
5.826707235805042018e+00
4.599225720605912393e+00
8.411451302363820659e+00
5.761785765378297341e+00
5.558634373152839814e+00
5.127691215189084772e+00
5.515412427596368516e+00
4.665369761013412386e+00
5.107186569964389022e+00
5.474899990416164819e+00
4.040285801748152217e+00
5.672427941189418732e+00
4.394228425407941785e+00
5.051994118877017215e+00
6.934346455746736027e+00
4.710242002012071438e+00
8.420222472981777173e+00
6.415615714480194853e+00
4.733055549610950763e+00
4.309600500444075166e+00
4.914025950747026528e+00
4.911414813006974356e+00
3.763792735946316803e+00
4.416957091046841199e+00
6.035005921223557834e+00
8.224659189925016989e+00
6.767051950603104160e+00
4.927444262688465138e+00
6.160775729904263365e+00
5.073502817688972044e+00
5.043101226309373075e+00
6.136677702783272181e+00
5.282674401297024147e+00
5.670352075826897931e+00
4.184759241415665798e+00
4.349155637859248635e+00
5.261199723838267062e+00
8.485422929959550942e+00
7.368000694057549538e+00
4.909269563468025233e+00
5.105776940117278784e+00
6.103837078738424182e+00
5.532876256059996223e+00
5.446485013136006970e+00
4.107691896325604830e+00
4.728957604187039365e+00
6.215818601625140438e+00
5.523700226366088373e+00
7.233974891823368836e+00
5.567370514943943860e+00
6.339744327126161316e+00
4.553001788901540614e+00
6.106382048313601985e+00
5.105139527188754300e+00
7.823859874118484825e+00
6.680120261438784901e+00
6.126739675691844411e+00
5.308401593236164118e+00
5.450588559743523298e+00
5.497173203144718912e+00
5.069733824974528957e+00
6.006284155236247813e+00
8.411149722943957130e+00
5.613893525615013758e+00
4.539680313820127822e+00
4.999385684931550777e+00
5.869907742871657064e+00
5.039155146267840557e+00
6.219154896556152501e+00
5.536071836145113778e+00
4.942237664284583332e+00
5.891630739475234080e+00
5.494836232885425886e+00
5.207436707062388592e+00
5.890025774515611268e+00
4.997298778412970321e+00
4.231098258295575398e+00
5.574437161508653205e+00
6.276744201852046956e+00
6.685124520931860381e+00
6.036485203498486385e+00
6.776732034181447872e+00
7.799295474152966534e+00
5.284496894932338762e+00
5.345930159602584553e+00
6.424060880634923976e+00
5.599782122231966142e+00
4.939870125679125756e+00
5.810133015137842527e+00
4.738177338191269072e+00
6.259079161711952111e+00
5.116609049206048532e+00
4.479052634322986393e+00
5.643048436481360675e+00
5.060729439952023512e+00
6.066174403022189132e+00
7.345962086411926606e+00
7.573678805290987803e+00
5.294170507167969220e+00
4.604438280994346044e+00
4.885072853322176556e+00
4.746856391841014933e+00
5.126545033700442566e+00
5.040794758362982186e+00
5.715540344209795620e+00
5.339123116642542577e+00
4.895920416341881243e+00
5.275536336324392117e+00
6.307457770580678691e+00
5.519479092698338363e+00
7.787913568441516610e+00
6.731467238712457224e+00
3.982220661921936689e+00
5.084480399237850889e+00
5.301287633207195427e+00
4.707068661800914100e+00
4.753433103191069264e+00
4.933101312834347496e+00
6.500190436917752557e+00
4.475355875361763047e+00
4.940009367128451068e+00
5.170516131543345217e+00
5.401944744965722300e+00
4.182718838277930118e+00
6.070838660701252110e+00
7.887638932072920994e+00
6.734129593354589716e+00
7.819093230518986637e+00
4.566120374852542518e+00
4.671684751989257478e+00
5.245232651791854828e+00
4.762528009897661896e+00
4.771423144288931439e+00
5.596709873237257327e+00
5.932053195749965369e+00
5.698352642411340874e+00
4.721493887385276977e+00
3.900616653657394295e+00
7.160832544664753385e+00
7.297576986643160346e+00
4.394762436433746089e+00
4.040557122059290407e+00
6.165984681372118636e+00
5.215893646307206311e+00
7.990640796068897878e+00
7.234591516224662122e+00
4.511278155709819160e+00
6.243505037371076760e+00
4.748597611308260191e+00
6.042236163624506773e+00
8.823607214055023462e+00
6.606024878458185867e+00
5.821585363350874509e+00
4.636966250596723071e+00
6.390459949237226489e+00
6.382226042267065580e+00
7.036261764580146405e+00
4.781948950248201768e+00
4.150573391057002404e+00
5.468302078907554709e+00
4.425926074289577627e+00
7.989300558224914361e+00
4.452113123918658211e+00
5.565943597499291684e+00
5.258104920689143924e+00
6.012472341279687882e+00
5.868769347570959027e+00
4.647758314002085278e+00
6.696242997776236550e+00
4.840709726074688746e+00
5.212880231312958301e+00
4.829079818148592551e+00
6.645221634225817020e+00
5.023558745814503013e+00
5.779847115235116739e+00
5.695443012945982986e+00
4.960307263169527303e+00
7.030094529707703543e+00
7.685783848721360556e+00
6.570218268266000194e+00
4.897012523568074371e+00
6.159158925523836814e+00
5.225128027534189812e+00
5.884565514536401309e+00
4.783127060678673992e+00
6.208344423376932042e+00
8.730484595925243951e+00
5.747437128487808522e+00
4.277950829662270138e+00
5.998298271092670220e+00
4.564695359769582517e+00
4.287128490618103527e+00
5.425177293327438477e+00
5.427087799309999738e+00
4.518298599138816485e+00
4.957431060830965741e+00
4.909421374160431562e+00
4.581101493128722169e+00
8.077160223636004943e+00
6.444161131350579552e+00
5.849087996942604839e+00
6.692671417139600010e+00
7.562405075715263436e+00
5.941255211781663270e+00
5.185804901430874025e+00
4.672157910579528561e+00
6.019806250174919882e+00
4.733252134681327661e+00
5.473714333284938505e+00
6.275621063673199274e+00
7.108598075855283582e+00
5.045953400853328219e+00
9.061137391917231554e+00
5.396398560933597821e+00
4.608378861199243559e+00
5.920134876122828516e+00
5.128142170609685913e+00
4.346375212814253430e+00
6.666062457760292048e+00
5.947936902342174648e+00
5.726268871422486306e+00
4.490299096519662747e+00
4.707376966862337753e+00
4.019016319247969093e+00
5.954325637177145580e+00
5.570247917507787250e+00
8.009777522422028895e+00
4.337873081646786311e+00
5.662230902369737251e+00
5.237005206146996272e+00
5.356689482528683932e+00
5.752635075650005092e+00
5.993255874743800504e+00
5.240974489380920254e+00
5.317533971045632413e+00
4.384852384785961732e+00
5.209030745910739668e+00
5.771527561626838221e+00
4.283081610956401164e+00
7.523564059182563213e+00
3.771378231308561091e+00
7.483497705204515960e+00
4.576788979480286734e+00
4.685787557235959966e+00
5.415377481379467284e+00
5.600663978301183121e+00
5.553128161279908603e+00
4.816452252477829710e+00
6.097390093829644364e+00
6.762974358952975606e+00
8.052525093043367832e+00
5.468915703324414679e+00
6.601182893314781808e+00
6.554013033895596863e+00
6.041228315612818811e+00
5.676524601400144476e+00
5.196686375954730153e+00
5.391637255835206588e+00
5.956087255005616754e+00
7.097442646285679224e+00
4.941873357775023123e+00
5.887814420850694397e+00
5.072855372294619691e+00
4.815926801636138066e+00
8.062434107866309319e+00
5.666035906506122544e+00
6.574286679209868645e+00
4.352558414703135981e+00
5.864207198559023837e+00
5.877299631046572159e+00
4.013706951127747224e+00
5.512291789547424159e+00
6.167764440763338740e+00
6.457693492092726473e+00
4.815155864935274366e+00
5.738021053243009817e+00
6.369350186791136181e+00
5.867306338602830351e+00
5.827065590757687374e+00
5.562858890337881057e+00
7.285345747209534650e+00
7.396116605650787434e+00
7.252526521921842217e+00
5.294501736119352486e+00
6.250555763014423505e+00
6.116761989905708852e+00
6.302571217957995131e+00
5.828556425931058271e+00
5.517171128330819130e+00
5.103129506365681856e+00
4.716838236620926494e+00
4.844000384391557112e+00
6.610867608814080754e+00
6.033095758750636861e+00
5.370089286608872747e+00
4.904654887471941116e+00
5.160148031368844812e+00
5.545697128355097760e+00
5.902097487760367578e+00
7.132292751103305406e+00
6.182785197361356566e+00
5.224099617869114809e+00
5.576295695174980693e+00
5.254519595867250814e+00
6.073351963934950248e+00
5.059452391729446497e+00
6.037959987610399537e+00
7.977185667265930036e+00
4.502668178858846737e+00
7.408270336834943848e+00
8.575624340184070604e+00
5.642384068286322218e+00
9.078124682868402573e+00
4.755527626974713762e+00
4.339178831804085590e+00
6.506608842965023953e+00
5.588320518875695697e+00
7.624554713732194955e+00
6.059534650153416635e+00
4.022001063023616929e+00
4.803224631987818682e+00
7.213968320197362338e+00
6.177106264605642494e+00
4.458965349619352203e+00
5.195565451632037757e+00
5.679512049700871756e+00
9.070291508231939304e+00
4.032239897572466703e+00
4.067542761850749145e+00
4.491474277760429068e+00
6.478310832635691519e+00
6.422328426439300131e+00
5.390120012527258808e+00
6.228142825135929428e+00
6.734765713449089475e+00
7.380538491219912345e+00
5.256610789413393547e+00
4.925075264012586551e+00
4.515386322959235699e+00
4.523286354498004869e+00
5.194835227114436016e+00
5.097466694276746146e+00
5.480361218289546699e+00
6.463306818172075197e+00
5.372043217167198570e+00
6.650918583825982111e+00
6.694153282393028093e+00
5.902355835185573163e+00
5.553925462342476749e+00
6.769865585416578568e+00
5.346465666132690586e+00
5.555428572696380130e+00
4.811995507125820026e+00
7.055528348361121971e+00
5.954027338372537059e+00
4.278628423661672286e+00
5.196732832656813628e+00
4.547542256592533860e+00
7.153810212113191902e+00
6.745606056303646625e+00
3.907789983103177711e+00
6.536194657500575822e+00
5.307180095009328191e+00
7.006566332750486126e+00
7.453682641098358097e+00
5.760268431204937478e+00
4.661288681289487812e+00
5.256822924758417059e+00
7.924235379694720471e+00
5.437481274637321782e+00
5.205777052793770565e+00
5.564835973566767180e+00
5.296108665556823247e+00
6.825954406178059486e+00
5.350178947668564611e+00
7.449665600941184351e+00
4.859591847542859000e+00
4.266464670820928617e+00
4.498892489749045431e+00
4.993584528705916625e+00
6.380447621738854380e+00
4.033603565030787763e+00
5.141035437234846128e+00
5.298582573917098415e+00
5.312890380326872553e+00
7.408251010503080991e+00
6.789980601964036744e+00
7.383830478552536825e+00
5.324420144666445864e+00
5.448419590707171523e+00
8.154463325749137681e+00
5.304080977124799645e+00
5.829448334412774102e+00
5.612667739073987860e+00
9.844484296080047159e+00
5.648642321885247952e+00
6.090835242064791544e+00
5.301300447427899520e+00
6.593677620672985462e+00
5.746459985971039686e+00
5.987020776339795347e+00
6.101969832854662990e+00
4.775634205094784868e+00
6.226306996238056612e+00
8.160414625658347632e+00
4.861604919010102499e+00
5.044531800892976037e+00
5.175588010221542135e+00
4.156344806318666762e+00
5.622852377503091859e+00
6.401866658468668092e+00
5.536999096440755608e+00
4.569117045241164021e+00
5.631881725353540702e+00
7.123311035137768421e+00
4.904201636554432753e+00
4.358801132398215650e+00
5.216585959265049866e+00
5.206679336552029191e+00
6.318809952874739899e+00
5.517473247329160557e+00
5.825448249568083270e+00
6.155435919348647644e+00
5.709319639621964981e+00
4.343035205712535429e+00
5.238344894982042810e+00
6.046600020588881463e+00
4.518588788649477550e+00
6.738784349519091776e+00
8.440086550579049884e+00
4.856401953678400218e+00
4.485400482315180071e+00
7.067466415832106108e+00
5.283621880619365996e+00
6.689131822576748654e+00
5.477553965243246559e+00
7.381913569997479385e+00
4.537799368534098932e+00
5.385960392442010303e+00
5.338332799775593607e+00
5.228893607402799404e+00
5.785189358231479062e+00
4.750846521042294768e+00
5.300069784739804390e+00
6.879002463281880253e+00
3.848415779290947025e+00
5.895762505816588117e+00
5.732595027179506531e+00
5.470713869036044841e+00
4.835796620751691144e+00
4.972748292116517810e+00
4.749419298920598109e+00
7.286165127839271172e+00
6.092559014988379928e+00
7.668240825642838487e+00
4.362259758064324977e+00
6.881976330459627533e+00
4.677551842325867959e+00
4.963798099577285683e+00
6.625248989599544558e+00
5.416048399480851039e+00
6.217121437595353406e+00
5.363612544959439177e+00
4.575200445543558203e+00
6.675178451670589652e+00
5.541922323901056657e+00
7.900131999764854029e+00
5.121391538191348403e+00
5.028997645500891345e+00
5.056272793729104542e+00
5.350109040989442732e+00
5.702695734090923452e+00
4.680110287144820802e+00
6.369915177835620668e+00
4.849121543858146310e+00
5.853964420677888469e+00
4.453589946889607631e+00
6.310433005911853854e+00
6.792120440766202805e+00
4.539878560486719117e+00
6.329985469544769927e+00
6.319657153069922373e+00
5.835050290663331474e+00
5.768421558525602677e+00
5.480606144934650814e+00
6.796474240959860857e+00
4.910208972997446963e+00
5.000552965801885463e+00
5.145985870918211802e+00
6.478667795716742006e+00
6.589307549371970829e+00
5.245794827207918232e+00
7.650551738662412227e+00
6.480505752746365644e+00
4.966164167908855731e+00
4.318601812613176882e+00
6.762923335245738521e+00
6.936559760189284773e+00
8.569384698688883972e+00
5.955684420412465485e+00
7.269472479679350840e+00
5.995626040565793957e+00
6.526617917575276095e+00
5.109493432869063767e+00
6.906396407025807704e+00
5.646540044670162573e+00
4.579233629012399831e+00
6.999764904181281722e+00
4.959948766744856741e+00
5.087683723503889865e+00
5.494479055986474236e+00
6.672509915824365478e+00
6.869986874946575561e+00
6.679455761490110888e+00
4.652471023313259124e+00
4.174180987844217761e+00
6.996458662180108590e+00
5.285850914851681459e+00
6.733789404842133841e+00
5.269107734568239998e+00
8.685134001471794818e+00
5.223511103626442775e+00
4.977603381755962175e+00
7.454405200543343213e+00
6.649850214310741414e+00
5.680405204096482308e+00
5.522877418371589187e+00
7.477797229176943894e+00
6.262725549063855368e+00
4.800088695668246253e+00
5.490442564221579502e+00
5.877539233681108755e+00
7.819058705869379899e+00
7.349757590224005099e+00
5.788170957887473378e+00
5.401142260934285844e+00
5.520471628626546945e+00
5.549886519561830767e+00
7.077312348792368368e+00
5.020918087716381706e+00
5.209863603293499956e+00
6.515613183996066482e+00
5.978882821727138364e+00
6.293255174390583129e+00
6.879295311285238412e+00
4.615547701708069717e+00
5.821768942111818390e+00
4.607903486453325037e+00
4.091748949423871906e+00
6.908902243976064561e+00
5.817488992405900561e+00
6.554304759331088803e+00
5.238424451205319521e+00
6.099487462011323302e+00
5.175374877052724365e+00
4.902200128244992072e+00
7.327936074125315002e+00
5.556847265305042249e+00
5.613730670467015571e+00
5.117815513635727953e+00
4.398164913409381427e+00
4.091015841640831319e+00
5.533884237107304926e+00
4.505781992894137389e+00
5.560271649565875052e+00
4.880203587967881340e+00
4.183186885832805402e+00
5.602119528846495555e+00
6.552105122827621031e+00
5.534762641155173135e+00
5.807619070317437959e+00
6.440954173308755415e+00
4.429621931204441587e+00
7.567528108334288461e+00
6.103160195395775034e+00
7.625339384269752330e+00
4.765921900992268867e+00
5.583778540365093690e+00
5.724219924251160663e+00
6.480376422284491511e+00
5.031538517759544860e+00
5.385552556540328162e+00
4.993949536891755692e+00
8.770356305889958293e+00
5.034634806575691179e+00
5.595591016006586038e+00
6.331897379434231254e+00
5.622541132878557946e+00
6.063245970515693806e+00
6.524783875770710395e+00
5.752310887451262289e+00
6.386423799343155849e+00
6.269642418677983997e+00
6.547879269275706626e+00
5.313574947167089668e+00
5.714190259904521341e+00
5.966140344213952673e+00
4.781797144136273658e+00
4.885897004739316429e+00
7.114716934087093492e+00
5.582674820588426456e+00
5.673187594455923133e+00
5.921870656571112335e+00
5.351440599690782562e+00
6.987292278572480697e+00
5.553022889350962998e+00
5.312850412192833716e+00
5.515839229399922772e+00
4.011779501651100865e+00
4.831833207785729556e+00
6.277057597734446936e+00
5.685152394457814395e+00
8.061482939923454438e+00
5.162958112094467644e+00
5.534634325904779217e+00
5.066569885272926399e+00
8.090006473260533681e+00
5.847975126125327883e+00
6.420335222713269729e+00
5.120826009979967175e+00
6.944007991909163735e+00
7.688406215610814165e+00
5.025425493134173749e+00
5.062146431582067230e+00
5.614316286289253277e+00
5.529704273842007467e+00
4.829522148932236192e+00
6.633893306940761292e+00
7.560178760807397147e+00
5.924022208118876698e+00
6.307750110076442596e+00
6.668399391678249799e+00
5.521654675361284959e+00
7.179674792558992991e+00
5.377415226179386387e+00
5.497940955425376863e+00
5.645695075109957273e+00
5.392218276383458964e+00
7.292621275174595574e+00
6.697570811180542094e+00
4.651410509615918620e+00
4.542984417881554826e+00
6.053427938294052346e+00
4.309643739836280574e+00
4.873167849544794983e+00
7.085803251200070818e+00
5.844298471284254504e+00
4.992685630857151224e+00
5.808342308906626172e+00
5.398272908166257267e+00
3.730305647801162916e+00
5.142381472257920194e+00
6.439173523069126936e+00
8.060520060111542762e+00
5.430959815408278324e+00
4.195518514587133652e+00
4.727420175400128599e+00
4.557706704407683773e+00
5.680720642182485847e+00
4.866915505755212479e+00
5.204787240605248222e+00
5.419356858976533076e+00
6.100037444589401225e+00
4.914257005203390705e+00
4.962603124230793306e+00
6.587400474483851909e+00
7.167136941609173917e+00
5.316986992510911669e+00
7.090974756135627999e+00
4.669010818656434303e+00
4.814165998064393825e+00
6.008616804941022238e+00
5.438697687592690677e+00
5.492131763708902881e+00
4.974848252283837979e+00
9.030692654614284720e+00
4.590680389364777625e+00
4.391956838007486930e+00
4.258242171824090150e+00
4.291063428501336929e+00
6.288224186755220657e+00
4.975500442353437691e+00
4.783207304883301703e+00
6.006872820757196862e+00
6.297351725637085451e+00
5.047653478708740593e+00
7.130579519524721022e+00
4.197017818504592768e+00
5.927982306483082553e+00
5.007161767195377422e+00
4.585619034767429270e+00
5.875806592071089796e+00
5.913515905928348637e+00
6.188937050935273021e+00
5.619384066736872185e+00
5.747695465993774455e+00
4.820223246674609996e+00
5.814730632579417247e+00
5.492902430946554837e+00
5.188384687238813520e+00
5.300921122779838512e+00
4.603080057071482933e+00
4.233338928801065215e+00
5.166705121013025703e+00
5.059783690499109809e+00
5.605616102106258047e+00
5.660264727652428718e+00
7.129874901431543677e+00
4.399347066025637965e+00
5.188467729278750440e+00
5.698435409458674883e+00
4.931375382026834231e+00
5.542011437404449126e+00
9.482009427512796407e+00
7.064393487654809789e+00
4.645066579238525506e+00
5.516542409292867433e+00
6.613959138995774367e+00
5.391570285532973905e+00
5.298172177663610150e+00
6.575153213192873380e+00
5.317082258863406352e+00
5.829796693305656419e+00
7.103557296913343144e+00
6.053348931825949464e+00
7.127361666250490835e+00
4.914871904478037123e+00
4.685719076486533297e+00
4.229981831402797710e+00
5.685815027805654509e+00
4.744417900940916866e+00
6.450333788113283617e+00
6.512558828874388084e+00
5.687438920552549959e+00
7.518699992382270381e+00
6.524451431899825238e+00
6.008313665025378114e+00
5.028943093604921089e+00
6.727735676004702015e+00
5.338081043972723094e+00
5.765054713875544579e+00
4.198915345872443083e+00
6.384500868495663894e+00
8.051685814928518425e+00
5.124919705911378465e+00
6.656231296138949816e+00
4.926380163665962542e+00
6.131154484076525080e+00
5.180571114452173553e+00
6.257405904777224137e+00
8.323753790144788667e+00
5.507616901917851138e+00
6.850042757199128474e+00
4.609980932857476787e+00
7.032370226925834800e+00
7.464147301238623022e+00
5.785256069640123400e+00
5.242037317223179116e+00
6.418774422269361679e+00
6.134748272482443809e+00
4.583911558427035793e+00
4.892168768785684740e+00
4.959758919082654316e+00
7.587790954862777326e+00
4.648879159778846137e+00
6.776479882285491918e+00
6.120964640255598610e+00
4.767534551915852070e+00
8.375802276711899808e+00
7.004984261334376683e+00
5.686514362762634889e+00
6.541310990921260782e+00
6.414505073370548871e+00
6.252736893717353084e+00
4.295748576691272191e+00
5.865251759555706101e+00
5.130667153827019433e+00
5.957864864423717322e+00
6.631574958509495410e+00
3.994725534611107243e+00
5.423820602030289706e+00
6.353238977742393878e+00
5.248043214361040931e+00
6.628221202562301073e+00
6.433975456613525878e+00
5.739140894881808563e+00
5.388283165091412030e+00
4.762895931805236849e+00
5.338960214430159112e+00
7.307198870786582923e+00
5.624791627461021015e+00
6.446330344357443565e+00
6.101929373225988940e+00
7.006906361160017305e+00
4.756647686925580487e+00
5.161144896460883480e+00
6.242439531164242439e+00
6.236339333166797338e+00
7.199972655310405756e+00
6.545573207199986143e+00
5.120432687156640128e+00
5.847152342886581700e+00
5.692356417667512325e+00
5.506334983503684555e+00
4.880106886701568669e+00
9.172570800816263414e+00
8.120169042992330333e+00
7.836422339163487294e+00
5.978411465070527342e+00
5.344464662426167578e+00
6.359016354530103499e+00
6.760676911361767516e+00
5.043875334078838257e+00
6.732763598298468821e+00
5.574148743146796647e+00
4.071962767155004492e+00
4.974734109722025011e+00
4.371011640585365399e+00
6.034747343151835253e+00
6.861456448230510929e+00
5.243795776525220553e+00
7.040092425616903071e+00
6.549834603208129380e+00
7.606600300806342752e+00
8.180820091686442197e+00
4.372779581372814306e+00
5.366793979518556412e+00
5.663128865719232685e+00
5.611573551208907773e+00
5.263006005512818497e+00
5.823454311449090426e+00
4.397722447231511289e+00
6.055158628056972248e+00
4.440083334238863699e+00
5.498287196401896892e+00
7.036316480205861090e+00
4.485564024472965095e+00
5.447028061019851819e+00
7.593076700886780550e+00
6.064533796810112065e+00
5.407943693202336810e+00
5.646205538252440093e+00
5.621377353264886523e+00
5.565953890334408349e+00
5.529675916939372549e+00
4.861287462292095185e+00
8.133003607340487662e+00
7.093852609776430285e+00
4.861763581022469971e+00
5.358137555363728488e+00
4.738495185433976076e+00
7.490432377365161543e+00
6.433692295728818955e+00
5.291242153976211782e+00
5.956742074869625370e+00
4.576487672906983661e+00
6.472647663265534312e+00
5.092672316284560630e+00
6.127304294657294648e+00
4.979198427169687413e+00
4.728004808138261517e+00
6.560471366084072997e+00
5.795317998873747101e+00
5.130124468768723744e+00
4.461697154078449579e+00
5.556966666876913763e+00
5.887256978179083333e+00
9.008692681180626494e+00
5.666823681935722945e+00
5.902322872505250118e+00
5.478017969568468537e+00
6.548698443578922834e+00
8.915067614596459578e+00
5.257306235739011235e+00
5.216022082615108246e+00
5.391103967148851872e+00
5.484958430775163762e+00
5.953584566120415644e+00
4.843103203384318434e+00
7.462632251522392401e+00
5.972619203229841744e+00
5.061508815918183579e+00
6.185706788362146824e+00
4.233779999677831363e+00
4.512858433514416845e+00
6.208898857205656263e+00
5.559198404767122348e+00
6.008011693113219920e+00
4.431600107006460121e+00
1.001890570220447962e+01
4.481017820017171971e+00
7.739648605212172683e+00
5.113363492075482242e+00
5.095765550555634960e+00
5.372977747015193373e+00
4.363025431654236286e+00
5.205284761498134571e+00
5.066116894572800788e+00
4.611514134064679027e+00
4.726348194238335410e+00
5.911334611269070116e+00
5.311969873593345604e+00
8.999675009887415200e+00
5.063038708388788223e+00
5.221562906388339975e+00
5.991433575498507302e+00
6.551638793912701431e+00
8.325907845271991903e+00
4.902671684728487911e+00
5.623130892641526657e+00
4.778700362903153476e+00
4.749217587402684515e+00
4.599855335776544152e+00
4.588323459763679502e+00
6.303130810798851513e+00
5.817201229872959622e+00
5.094079687012021296e+00
4.315720348521027816e+00
5.718597335872191323e+00
6.028279542321228313e+00
4.523694282261303989e+00
5.636965627562775083e+00
5.695603182934419806e+00
5.835224659545353632e+00
4.457990173063383743e+00
6.735956138447116714e+00
6.078629852103870412e+00
5.672686654099992509e+00
4.639224883225931961e+00
5.191307179706717179e+00
6.338960856225071439e+00
4.808440925192763338e+00
4.829231088271030536e+00
7.224938237521874917e+00
3.954085237576263623e+00
7.196307149454570506e+00
5.528371938454140988e+00
6.018618681393437697e+00
4.862114499223221031e+00
4.777835905994429311e+00
6.345926310048544572e+00
5.778488988458772013e+00
5.596238059155814071e+00
5.850981204995857610e+00
5.492959784278326651e+00
5.657852421035499901e+00
6.571332433757516966e+00
6.129852053091306985e+00
4.054267870969262333e+00
7.661920928405806741e+00
5.031181398986026565e+00
5.060408355712324280e+00
5.624236594844202131e+00
5.081439499319306385e+00
4.225152396385922771e+00
7.833869678384663970e+00
6.473160309458371842e+00
6.987591086106318627e+00
5.006396213906866066e+00
5.839794033929749162e+00
4.970042983391975255e+00
7.094920765696815401e+00
5.338803437656580719e+00
6.331165009815746814e+00
4.916851524826530095e+00
5.488355840436575761e+00
5.034350436114643834e+00
5.380416745077152285e+00
5.177856017529137489e+00
6.145341391135509035e+00
6.548807881186667679e+00
4.440984309611527792e+00
5.623875266331681999e+00
6.908214987522946160e+00
7.036464078080367557e+00
5.432939677861250871e+00
6.686158508346419893e+00
6.894134940685098911e+00
5.104005186989827081e+00
5.155906279665527947e+00
5.297104692169458673e+00
4.699747896098256383e+00
5.670137480417464459e+00
4.899213256395226423e+00
5.609179368391121301e+00
4.703408701956491633e+00
5.026401064293805732e+00
6.798456207163430243e+00
5.951390330968392206e+00
6.982852434038276712e+00
6.394972740916834653e+00
4.863999362806853632e+00
5.245302112938945882e+00
5.420375790898408042e+00
5.380173025130629227e+00
5.916987918948358072e+00
4.688351525490867644e+00
6.246415083498252585e+00
4.337897330815689401e+00
5.086508102176139801e+00
6.963672059751522703e+00
5.122471116254805779e+00
4.796361760507589445e+00
4.996079136307612245e+00
5.839832356067692132e+00
5.780802813450998556e+00
6.374071022789051355e+00
5.359450065247091111e+00
5.147914683887786502e+00
7.591374265701427149e+00
7.129523049844570082e+00
4.240221042660817119e+00
6.192503267881711793e+00
4.346849485694749049e+00
6.499412331129534870e+00
5.289699434242772114e+00
4.267842244486803160e+00
5.781674673522156915e+00
4.268364959741091980e+00
5.707549094168307136e+00
5.440055523952955774e+00
5.779249371390640988e+00
5.172870425892753588e+00
5.537667129634753493e+00
4.958490934795810823e+00
4.840657423059480990e+00
4.353748994919945936e+00
5.319065091205780860e+00
7.112084069413072029e+00
6.927138420000744645e+00
4.813771949340265977e+00
6.265343510920432735e+00
4.558225398637194559e+00
7.126389667255375038e+00
4.998637426862558186e+00
7.497789638056882922e+00
7.132520093747706902e+00
5.763528002835537123e+00
6.844880657584873518e+00
5.182988912519908453e+00
5.161019496211571855e+00
5.268192378004392218e+00
4.756628079878105986e+00
5.464511089401913324e+00
5.377712819755823936e+00
6.158046968911218499e+00
5.492727327671900639e+00
4.783871669780881852e+00
4.291431239601757319e+00
7.624144290908711596e+00
5.334275694421835468e+00
5.428198543917574170e+00
5.963229953613655709e+00
5.124928235800561893e+00
5.423831120981273735e+00
4.493622618994530526e+00
6.341998547803074260e+00
5.508621945869853320e+00
6.343708381177950884e+00
4.559741861271507268e+00
5.830180055767476333e+00
6.548597384977660418e+00
7.187896383360818930e+00
7.193193028668514621e+00
5.115781062683115721e+00
6.953897653331468476e+00
4.550981512188936762e+00
6.137449156852659904e+00
9.406351269975241181e+00
4.733285922094056630e+00
6.193611061269409745e+00
5.725617025240868685e+00
5.953018975182851058e+00
5.937020435697508702e+00
4.756227064893256085e+00
6.780655186082276131e+00
5.473197807931953207e+00
5.028437725867533459e+00
5.154601466053842174e+00
5.243323333158707023e+00
5.101827900271443283e+00
8.932660752340328969e+00
4.496334645079569370e+00
5.353255149872059526e+00
6.128309937530101337e+00
5.456800269784725543e+00
5.593508560192512746e+00
5.850438421537528910e+00
6.233390435199879676e+00
6.033749728170764826e+00
6.873357632495169511e+00
4.744839246216853823e+00
5.497293900485604290e+00
6.607035847580557508e+00
6.098501282788419076e+00
6.091898401860452950e+00
5.084278800366877960e+00
5.779470415581902998e+00
5.254283212995638053e+00
5.207623283367023959e+00
6.247041199515461329e+00
4.763084075523999594e+00
5.923913886591357425e+00
5.925594952719418274e+00
4.923906742470201436e+00
7.437094766973279647e+00
4.115403479872849601e+00
5.872240022457766884e+00
6.139681265602736637e+00
4.843738248458838491e+00
6.441389760510919160e+00
6.130473446705689611e+00
7.539389326799043722e+00
7.510782888102216504e+00
5.092981248120147519e+00
6.203378121996731664e+00
5.245137180971064517e+00
6.335347874586807926e+00
4.274127987983051824e+00
4.776432446210638005e+00
5.916381764192149006e+00
4.615689486168588651e+00
6.761184002746826849e+00
4.730256375739779529e+00
5.757680393894865745e+00
4.274778152571890644e+00
6.013629480049615061e+00
5.314998973337888621e+00
5.126579731856837796e+00
4.703642692541116332e+00
7.002082366814015302e+00
5.946145087281575314e+00
6.559305114786168289e+00
4.712253309139733837e+00
7.015625383862319708e+00
4.986061749376375474e+00
4.630693453984486396e+00
6.640448711506435231e+00
4.200186196962059526e+00
8.093170793851289346e+00
5.934966431402425080e+00
4.371238207603073356e+00
4.592071707803872194e+00
7.398323134692121883e+00
4.605258174563622298e+00
6.671048187874870194e+00
4.749359261451176373e+00
4.911461105325672705e+00
5.541704819399122073e+00
4.610858820202337505e+00
5.582743731393795983e+00
5.514143549883510964e+00
4.302596739553864680e+00
6.603936746445938866e+00
5.204805760191113073e+00
5.302059754765301669e+00
8.249796492525678815e+00
5.065022401750842285e+00
7.959372126763196498e+00
4.167072578144533246e+00
4.536239625149422139e+00
3.942208381125408501e+00
7.115336011459302057e+00
9.161655975218204517e+00
5.061212051554436542e+00
5.259860160483446734e+00
4.748811974671975022e+00
4.765649065415542118e+00
5.152844847213552626e+00
4.521252760849988839e+00
5.011050175775062954e+00
4.833742864153677488e+00
4.542080391695320962e+00
7.036229507077903733e+00
5.136563495277663094e+00
5.315447142139463566e+00
5.875069772097538667e+00
8.437184855410199802e+00
4.649053533576109842e+00
4.825974032762214705e+00
4.712019562937779682e+00
6.137586585313975718e+00
8.628879945710105304e+00
6.653517138401142006e+00
4.443708533439172825e+00
6.175473156967848709e+00
6.291818859556127741e+00
5.263227156968346421e+00
7.785428481416942326e+00
6.106196531795637483e+00
5.626412075304920712e+00
4.214032214816910482e+00
8.491385161832855744e+00
5.098055608781289827e+00
6.546981641209674407e+00
6.301909246453680780e+00
6.451316367205944147e+00
4.850963526599742615e+00
4.180431783115992062e+00
5.729216350090469589e+00
7.656415114374694575e+00
5.413949962460353760e+00
5.682159586325312262e+00
4.379983170709921936e+00
6.811460698876413034e+00
6.260546560517191494e+00
5.274927604961014538e+00
7.619103023631955018e+00
7.571224885586294917e+00
4.985085855696918422e+00
4.798770459060043514e+00
5.311820653487483668e+00
5.306187691256392114e+00
5.412558776597294674e+00
6.401251778013325122e+00
8.636197379854248624e+00
6.211769998218331423e+00
6.203817708772836781e+00
6.425957568212346871e+00
5.691286955841647455e+00
6.398091512839414463e+00
5.447632374747209738e+00
5.033304594762991080e+00
5.662192172741326246e+00
6.151758161772074907e+00
6.107276178225545138e+00
8.340155605226403424e+00
5.019218996555636636e+00
4.920237809189126565e+00
6.357996776867804734e+00
7.142220607124613707e+00
6.885520698133257511e+00
6.373017755469443379e+00
4.883776400665772677e+00
6.725778993133127770e+00
6.356115092085373064e+00
6.362112305732403605e+00
6.236316459583250094e+00
5.058561277824445312e+00
4.256190021518827749e+00
7.992735303808412795e+00
5.717761898210985905e+00
4.613048725975839481e+00
7.131925326015261746e+00
5.839775340334311338e+00
6.500087536365227514e+00
5.872608030751651498e+00
5.774925102518469799e+00
6.576501065218185005e+00
5.596232671336962561e+00
4.664515902645382184e+00
8.055997850864560661e+00
6.682096329235791110e+00
4.541285487512144670e+00
7.484769821259350309e+00
5.993920566274082873e+00
4.810751895175261694e+00
4.987026896819769739e+00
5.058239618695011153e+00
4.751043884661823924e+00
5.254451285738671373e+00
6.726306480159638390e+00
4.507790782374622829e+00
5.685817157646955167e+00
5.867247793185901727e+00
7.395732704800189516e+00
6.435961398776369080e+00
7.509979635067198345e+00
6.807621157584287985e+00
5.360385129993719744e+00
5.351820516878065703e+00
5.845140284187588797e+00
4.182041668731184103e+00
6.917173661942856100e+00
5.587968401001598195e+00
4.070754292388356177e+00
3.927231292585455336e+00
5.834105021016785741e+00
4.401467276929565742e+00
4.549872929515919040e+00
8.275873488776444020e+00
4.987884323716508028e+00
6.087751759447322719e+00
7.023750411104865421e+00
4.973054997085492701e+00
4.797697438424048499e+00
4.733617301482185624e+00
6.013993003083195177e+00
4.720275127079828437e+00
4.137527780696119706e+00
6.543598747987747544e+00
4.829900390916274766e+00
5.547963088682740462e+00
6.569024646013012614e+00
5.326112735286546496e+00
5.062855143333730545e+00
4.617771827228713377e+00
6.913434689331287686e+00
5.922226229973054146e+00
5.304374598818196951e+00
5.489764520884539145e+00
6.949999721327774438e+00
5.150361727608882667e+00
5.949451760879905571e+00
6.281920722574363403e+00
4.987109465542936881e+00
5.158849785044199443e+00
7.043261967463359419e+00
4.816591981013425894e+00
5.595373923192119570e+00
5.427477294427546894e+00
5.395061862491266957e+00
6.415014975844248291e+00
5.169211923500569128e+00
5.620876147040505089e+00
9.163305978492601866e+00
4.636092170879903662e+00
6.543052383147102802e+00
6.244494639445723472e+00
5.019737711281450743e+00
5.833251376886032347e+00
6.837924437595516380e+00
5.795747759967376567e+00
4.831683875504488412e+00
6.368163681658700170e+00
6.685909182961074393e+00
6.830175945183277975e+00
5.092926160072330788e+00
6.001284511021032664e+00
5.016491172796433418e+00
7.767978182174438473e+00
6.914943656575108122e+00
5.852556615270051665e+00
5.196981471219174864e+00
5.524245300687804061e+00
6.066507597035460719e+00
6.081346373716273845e+00
5.964544081779814988e+00
5.315315171748975942e+00
5.604920637273284711e+00
8.981910002705511431e+00
5.022818616615595033e+00
4.997076153642565188e+00
6.821281262302397508e+00
5.071399415032739277e+00
5.505065088341423163e+00
5.889208753028681187e+00
4.965167333613258904e+00
5.950655647241091195e+00
4.781329511283383127e+00
5.123896419375580713e+00
5.988825511036928617e+00
5.426882283352008507e+00
5.995036087161076388e+00
5.810791517733711942e+00
6.009802829271377433e+00
6.038398961970924184e+00
5.298475396839961604e+00
5.973544018796934196e+00
5.597610081165454332e+00
5.345994582467040956e+00
4.785114302457158075e+00
4.387882233830107559e+00
5.114431878358475458e+00
5.132046453630837668e+00
5.135927473891777950e+00
4.325888754901384914e+00
4.498116434234797012e+00
6.669518213718032662e+00
4.617047103305901956e+00
7.151131999019993302e+00
4.607306780658422696e+00
6.872524995771728484e+00
4.170664888231586431e+00
5.426488492480590509e+00
4.435181088377874836e+00
5.016955129510144218e+00
5.411989150622191325e+00
6.207423514549565091e+00
6.932047711152643288e+00
4.812313011217673520e+00
5.107283891979556678e+00
4.494952711127776723e+00
7.941753030670619218e+00
4.825011749498991698e+00
7.059859914878686027e+00
5.322125079364282918e+00
7.023291919659440552e+00
5.130183650107365878e+00
5.596469221096205260e+00
5.109841076104336466e+00
4.783025115509350833e+00
8.506579493510091794e+00
5.722653961611151807e+00
6.404564998296773837e+00
3.721507927912533820e+00
5.441599266239334654e+00
5.818756036719558544e+00
4.917852722530179577e+00
5.959203895643332416e+00
5.000795529760479141e+00
7.435241964630045608e+00
5.826905697894760650e+00
5.237288941493332572e+00
5.405438027091838293e+00
6.107050795732837045e+00
4.599792916249424657e+00
6.372626669834970059e+00
6.308325422956649220e+00
6.362840902632997953e+00
6.791559271545152043e+00
5.812586056973380266e+00
5.306434872492427957e+00
5.968100489858210622e+00
6.477076004923700836e+00
3.957375854812902993e+00
6.853140478207511599e+00
7.045792831728222794e+00
4.677560470008900850e+00
5.773884426832746719e+00
4.557945522485743695e+00
6.426843015585967045e+00
4.596376733673244175e+00
4.239529541955442404e+00
5.625431938209244365e+00
4.904792872848150687e+00
6.198123494177036008e+00
5.483243493588830120e+00
6.791762338096258844e+00
5.330395174570440098e+00
5.165317819653747478e+00
5.840817722603960149e+00
4.961940532093118250e+00
4.330423220694999742e+00
5.923492848761157781e+00
5.940898340897017960e+00
6.942045560769665613e+00
4.720911906308569606e+00
6.211462881291030413e+00
7.206388589394590483e+00
4.334746446472288461e+00
5.842656300018269633e+00
4.334671293196099562e+00
4.765399039093927591e+00
4.936658823564410881e+00
5.987128769224177915e+00
6.237803248141721824e+00
5.116054235922699256e+00
5.215790580601147752e+00
7.774866101935194784e+00
7.537378083062080236e+00
5.017689279126562596e+00
5.222112875815643207e+00
6.386988612355942507e+00
4.662804913423245878e+00
6.066451917012316564e+00
5.125082467539773035e+00
5.400805736639383348e+00
5.124638168075112965e+00
4.243503273193707237e+00
6.247925282356598942e+00
7.589561879397940913e+00
5.644069095805344105e+00
5.822094693657144049e+00
7.109238244329530332e+00
6.544151028871409537e+00
6.187632966772319776e+00
5.360062957308077358e+00
4.552937655460708832e+00
4.338591801747454291e+00
4.302660514081328991e+00
7.875886070413519846e+00
5.617622075545321003e+00
6.364235104261465992e+00
4.338687724973134152e+00
5.972329128547779753e+00
5.231402056403612555e+00
5.809340893413896367e+00
4.668444330290456357e+00
4.575732020960840529e+00
7.189736038702108090e+00
4.398381283734643432e+00
5.866056417662870892e+00
7.000086525060677189e+00
5.061767733643698364e+00
8.016607484670418060e+00
4.751511330194789551e+00
5.918873823203226081e+00
6.010245936796192012e+00
5.145696958552286482e+00
5.430575780294363497e+00
4.948452630964760957e+00
6.350485580811886521e+00
5.411296045699277357e+00
5.081862086365855902e+00
5.008184568457370922e+00
5.190895531152421860e+00
4.554997317000431423e+00
5.826311651797884572e+00
7.359326593950376250e+00
6.545709442532859690e+00
6.126627528665704148e+00
4.648351603863624781e+00
4.475345923705443596e+00
4.524115679220304109e+00
5.615830732340717724e+00
4.192241259742919723e+00
6.113386257553306891e+00
4.436491730305441195e+00
6.695239357282083859e+00
5.965565849025717071e+00
5.599672801022631319e+00
6.028143991191263318e+00
5.747564676175472620e+00
6.522890751329232017e+00
4.009083731911212034e+00
6.605338530091504623e+00
6.093675562844586224e+00
5.501663701174887677e+00
5.987678958961350162e+00
4.399141930286356583e+00
6.202004643901146252e+00
5.292542032876517588e+00
7.193691166394725833e+00
7.436888916992224097e+00
5.341503482353113341e+00
4.736161424115419294e+00
7.396931252337430429e+00
6.102983585589053739e+00
7.757973130948064622e+00
9.378832283205763787e+00
6.392971204494174664e+00
4.493608668171063414e+00
4.634840914063672379e+00
4.615348421315284888e+00
4.290418136274745997e+00
5.198146376965762094e+00
5.453900279261694628e+00
4.203460778336539860e+00
5.735147270795652119e+00
6.619749618630624610e+00
5.177913814461181374e+00
5.640457098446644224e+00
5.640868371528798164e+00
6.091048338782063531e+00
4.848545979143514373e+00
6.376760444074365708e+00
6.178014997627952809e+00
6.487754931995180385e+00
6.168703931824015996e+00
5.506802391250557704e+00
5.875867689357504808e+00
4.798420991129053625e+00
8.052174208751470275e+00
4.687650621294797482e+00
6.100536264497551819e+00
5.524302122113564195e+00
6.407399653686427499e+00
6.539724400610605670e+00
6.334212219720496861e+00
4.253664608616360532e+00
6.716500924851575682e+00
5.986065422946131420e+00
4.750321141776472800e+00
4.834073857620407644e+00
5.477330896456937381e+00
5.292773676400201133e+00
8.617618086042469372e+00
4.014845962282516112e+00
5.506693173341864700e+00
5.430948626468693696e+00
5.595532015650245938e+00
5.326436606964175091e+00
5.079277483729954135e+00
6.021788513438817603e+00
5.144064290044429555e+00
4.861933711533859004e+00
6.530640046871520887e+00
7.739832903074231218e+00
4.870507520171118543e+00
4.971509024961960677e+00
5.504638601291203415e+00
4.889208549641092638e+00
6.280030521458991544e+00
5.312958318623962839e+00
5.615663054401743182e+00
4.670119905863753473e+00
7.196504329726160165e+00
6.124396212298147013e+00
4.781492293797481530e+00
6.996216452955667187e+00
6.250466143064524971e+00
4.664452954450300837e+00
7.695806927838863665e+00
4.387324626832127095e+00
7.394620314686941143e+00
5.627172279356297047e+00
6.596902789229686093e+00
4.957314425951258485e+00
4.563727911280696325e+00
4.632734697684708358e+00
5.838181681888539032e+00
6.080358638626451651e+00
5.033442357402655887e+00
4.241860344270994787e+00
5.820634315367538392e+00
4.859354164343881344e+00
5.514154858330547526e+00
5.207703809489999003e+00
6.499992474464306724e+00
5.371196634165293915e+00
5.623556445458436137e+00
5.434183111361094554e+00
8.032887627398725527e+00
7.097965729740152163e+00
4.842201589309881093e+00
4.792712736207161761e+00
5.697237497949170226e+00
6.550438244547212463e+00
5.884195651620756529e+00
6.912243716273952288e+00
6.200184350698860314e+00
6.080080351502595626e+00
4.802874788981380760e+00
5.191590983612079491e+00
5.918524124941850317e+00
4.724687679380805250e+00
4.234525982657051379e+00
5.552335503087920898e+00
4.575211785355827843e+00
5.790095399616834726e+00
5.569628974029045665e+00
8.159546760426914958e+00
7.184521025792657944e+00
4.973781973400237533e+00
4.687918420543138787e+00
7.093852058332382526e+00
7.403885774724618507e+00
5.935369716406141194e+00
4.262813785943528444e+00
6.959839691159553254e+00
5.008007236642947113e+00
5.466525749125852762e+00
5.322910791719394297e+00
5.544040609350042281e+00
4.608418609121843978e+00
6.017049308017693221e+00
5.984744225472857337e+00
4.876977576845113127e+00
5.085054008290263994e+00
6.821728791329423558e+00
5.336451562724082720e+00
5.282849140118112352e+00
4.159760968895916733e+00
5.471147148791408732e+00
6.401141253827339561e+00
5.866846807823502985e+00
4.411766939980208413e+00
5.377578218104195784e+00
4.233404603515949383e+00
8.194324148195011759e+00
4.646546291607986490e+00
5.094776425221189342e+00
5.393999568625859276e+00
5.297618202635055340e+00
7.198150506476897803e+00
5.261413517873407386e+00
4.717621677525151824e+00
5.988154942635530276e+00
5.591974962150965567e+00
6.334845664196093296e+00
4.824411466997673870e+00
4.790634698338887887e+00
7.204091436755900801e+00
6.156540653335251356e+00
4.687624510287225377e+00
5.211973527521434946e+00
5.602833060622923078e+00
7.157757749100839284e+00
4.944538582353169787e+00
7.931194419820267960e+00
4.990945710321201823e+00
5.507321182425497952e+00
5.602339354619985556e+00
4.583965498741762623e+00
5.836585891597620090e+00
4.216483545159831259e+00
4.089106404306307674e+00
4.282022779505425980e+00
6.126415715174382548e+00
4.901442982107675483e+00
3.895480323392412458e+00
4.739262662464817311e+00
5.366986882278121485e+00
6.612410138855175035e+00
8.110142777230139544e+00
6.097536248344068710e+00
5.098167071623052493e+00
9.039875433405434535e+00
5.360973508417771427e+00
4.987163983055977745e+00
6.011015182376489463e+00
5.333404634761492957e+00
5.387856742224954587e+00
9.664648702333236585e+00
4.843716399152237173e+00
5.400096210667277852e+00
5.855403116587899248e+00
8.791160305652461204e+00
7.456983648067611270e+00
4.696468456290654458e+00
4.216692630121203322e+00
4.429244873433384910e+00
7.204405788632161745e+00
4.273970315399245656e+00
4.931326731125519558e+00
5.910722180015574700e+00
4.046913307462387088e+00
6.454650320657033369e+00
5.130862631064664114e+00
5.004004958126634151e+00
6.004379043019657303e+00
4.084545273157301537e+00
4.566467134106023451e+00
4.499520490518614579e+00
4.719982001718782350e+00
5.514321585724490049e+00
5.722260159259279000e+00
7.007083855003243933e+00
5.482042724973687164e+00
6.256169601803620139e+00
5.572451894947997530e+00
5.996039057003628159e+00
6.767734112174212058e+00
8.478842295444334098e+00
5.383583028709570506e+00
4.398980655315223309e+00
6.897200426727968292e+00
6.400161339894845369e+00
5.390168868989715811e+00
6.618708680536280475e+00
6.369797848006578889e+00
4.870849242841410742e+00
4.733276466313410147e+00
5.008391321484518599e+00
6.573325338054361922e+00
7.084478212269302411e+00
6.243251584119378528e+00
6.403261874361877659e+00
5.291399029724137115e+00
6.865180473900887925e+00
5.145162273344348947e+00
4.385772204281367159e+00
5.734270090608037052e+00
5.428252615906107970e+00
4.895746397175282816e+00
4.358247820683851081e+00
8.204808576537093501e+00
4.647528918423789790e+00
6.436067656304347295e+00
5.370885495850812319e+00
7.616663294199260470e+00
6.716788672606242017e+00
5.104665223066019664e+00
5.516239077487227860e+00
6.768555496782004077e+00
6.173586429312607038e+00
5.541230015758163319e+00
8.433156877010915764e+00
6.067107535820821518e+00
5.518659487525596319e+00
4.691010689642531872e+00
4.890176406496177464e+00
6.230698542087612424e+00
5.378144257212886359e+00
6.060567943738470298e+00
4.851469765437689929e+00
4.725126254797460845e+00
6.163880787772754388e+00
6.281330284905873640e+00
5.708847178474609763e+00
5.864962900968857085e+00
4.688604974979069695e+00
5.394443392834142870e+00
5.773843631241034835e+00
6.372282392391641181e+00
6.590070548380445814e+00
7.530237452993726599e+00
4.148301546440119836e+00
5.409658950850820602e+00
8.312789327066457901e+00
5.800919500516757310e+00
6.758204960444935239e+00
6.210187364563346080e+00
6.296271633208966989e+00
5.690392621593009181e+00
7.274727796410580538e+00
5.952263496384452068e+00
4.868745491701304218e+00
6.509330426499721156e+00
5.990405541416217616e+00
4.935861085401754167e+00
6.644017078576016644e+00
6.243001613326408794e+00
5.419246716359545246e+00
6.804976955662985105e+00
6.678524510521875790e+00
5.335363075203639838e+00
5.510693658523593719e+00
5.865261113511701652e+00
4.597724200012193840e+00
7.722014991295068853e+00
5.636602946666052105e+00
5.147909506243796507e+00
5.865910224916353499e+00
6.760741327068600981e+00
4.461860693160126345e+00
5.940793002393309763e+00
5.378787195295359425e+00
4.562081355237904035e+00
4.988693079302148448e+00
6.965593053155799019e+00
4.559473742234239069e+00
5.337408124604532844e+00
4.360821838891174806e+00
4.605433962047073670e+00
4.824112599905060250e+00
5.646370744554915611e+00
5.842001609291193276e+00
4.116246823636561025e+00
6.214769458831619353e+00
4.445914356895473318e+00
6.280586949474090019e+00
4.929776755518840758e+00
6.673897248452236752e+00
6.505319865383359712e+00
5.160455292077823941e+00
6.962321955735298218e+00
5.758110347428713638e+00
5.625549114460246969e+00
6.602795702402075584e+00
5.118608589260931652e+00
4.154122972033606587e+00
5.775749094306899423e+00
5.327282195552564659e+00
5.384850444330669283e+00
6.271832732907619778e+00
6.261964141525852234e+00
5.218317907914347131e+00
5.563132677484981414e+00
6.313321087208223048e+00
5.168045530491990114e+00
5.651718604968562154e+00
5.897317515188417403e+00
4.856972547174610355e+00
5.631314530775044069e+00
7.114247693373193293e+00
5.368179050096689053e+00
5.522726557624764609e+00
4.813979002578635757e+00
4.422881265023080211e+00
5.667682248257864153e+00
5.765017425508052185e+00
4.309515284478624864e+00
5.553352555775203925e+00
4.094087924606528262e+00
7.550828630947211018e+00
4.730887469487872643e+00
6.203345619450455040e+00
4.466464274669815104e+00
4.721326495372472287e+00
6.289690593481847003e+00
5.032122651714040273e+00
6.683840950358254318e+00
6.777111490894911938e+00
5.218792891738787354e+00
6.735794229021042412e+00
4.865134503207156236e+00
5.867239960111689356e+00
6.443608563562486680e+00
5.394950364030873580e+00
5.561897415934846656e+00
5.075358184833784314e+00
4.798380977786328216e+00
4.901612798545251337e+00
6.394392297812145465e+00
6.009792140701629926e+00
4.813542305780832642e+00
4.742143672703557300e+00
6.244188326581189941e+00
4.836948008205826710e+00
5.291943804462732714e+00
6.520366721745275207e+00
7.818622926525407024e+00
4.862168938851074707e+00
5.799048084709893303e+00
6.141310787413955197e+00
4.147673546365811426e+00
5.710179323314881650e+00
4.313404129974849788e+00
5.919555845298999586e+00
6.441799815728762368e+00
4.885661343824038383e+00
5.459902515979407234e+00
4.639231976732009599e+00
5.723888411055734871e+00
6.102745216303437914e+00
5.570403797312899030e+00
5.111159272337195247e+00
7.619255776141010905e+00
4.219235994609355167e+00
4.872295294413219402e+00
5.603687871614045690e+00
5.015777916867766528e+00
6.433179859295902858e+00
6.226676981594486016e+00
4.638199114140848955e+00
5.473091460720160839e+00
5.494484867331114408e+00
6.900541769977598605e+00
5.608635132291897918e+00
6.107867117745814589e+00
5.677542769456875860e+00
4.832255889905241020e+00
5.098765024386235467e+00
4.130442534735319526e+00
4.476602499728789653e+00
5.536070543333119431e+00
5.734780911957022553e+00
4.550378035034299273e+00
5.680603173023238028e+00
6.231309173673823310e+00
5.310231500586403364e+00
5.803842836293155116e+00
4.393767760071716211e+00
4.310462589696669511e+00
6.320804475376544218e+00
6.740458318150940542e+00
4.863875460718183774e+00
4.232520369503541602e+00
5.557569811142004212e+00
6.773570572675646773e+00
5.093472291425212184e+00
5.033472403802520923e+00
4.565029412337581860e+00
4.645821266687356399e+00
5.535960033023085813e+00
4.433325171683679677e+00
6.381952689977781645e+00
6.902890712703422693e+00
5.724626904531051608e+00
5.752549831660281221e+00
6.812490469916002489e+00
4.540199384806928862e+00
4.806860568327088856e+00
4.292755549114485980e+00
5.622378310500537602e+00
4.455962697332973121e+00
5.656260525620215418e+00
5.633761960455382578e+00
4.101833009719165091e+00
6.789088195951786808e+00
7.232108703459369181e+00
4.391759286711756971e+00
7.106610574879515418e+00
4.456628320879108429e+00
6.073762018639130567e+00
6.895646956460328880e+00
6.595764821831846092e+00
4.341338664054989138e+00
5.819533553413041460e+00
6.583469826891514387e+00
4.124418146617924386e+00
4.879544317591905767e+00
5.835280345499420207e+00
5.379475765876749804e+00
5.131542619585106380e+00
6.374956201725897387e+00
5.643621763326725826e+00
6.413665517074543132e+00
7.215695573844799426e+00
5.936698532108508175e+00
6.398796744579728468e+00
3.769032966649511263e+00
5.781276187150639956e+00
4.969288262704036896e+00
4.647131247616671068e+00
6.086586385270314814e+00
5.577743493463920288e+00
5.011374359680138113e+00
5.481915847842508960e+00
6.448666632965212031e+00
5.615641928949676398e+00
4.564673179458811347e+00
6.639073086980241456e+00
5.058013623598027309e+00
5.770383719550586932e+00
5.434118564175155264e+00
4.941267799536539940e+00
4.970142390199592697e+00
5.371824880365815957e+00
4.054663088780183777e+00
7.175885789941762738e+00
4.460167800303940666e+00
5.181624547972321970e+00
4.226581708243119628e+00
5.967466386302291426e+00
6.972788533476139250e+00
6.310959757004971138e+00
8.357392349720836222e+00
5.978840575178123729e+00
6.694460489690506222e+00
6.416349717661884000e+00
5.226096709995118772e+00
4.826191045476015518e+00
5.226021766112221911e+00
9.049742061423081907e+00
7.215328962031254179e+00
7.060154889234243392e+00
4.980239968927491212e+00
5.207149822803172512e+00
4.833328959829866989e+00
6.289862992213130610e+00
5.941175170936412897e+00
6.768437794221558335e+00
5.486206915133733375e+00
6.464754962599494448e+00
4.805334070479615249e+00
7.830110347303048890e+00
4.522253604838352814e+00
5.003367135864406734e+00
6.242899982746868304e+00
5.712819703130321614e+00
6.209639077830909848e+00
5.016047019093178960e+00
5.920279741451128785e+00
5.810941071407707881e+00
6.179825590849576500e+00
8.727870725053595180e+00
4.872759814894256358e+00
4.482433238950306986e+00
4.852653888634577584e+00
5.355133682704607878e+00
7.407178655690193736e+00
4.779413121647390739e+00
5.568535732036358432e+00
4.265633106257974205e+00
5.798926214081053132e+00
6.329373450318874106e+00
4.756622909879339112e+00
5.800868497935835144e+00
5.720637523316256079e+00
6.053486414232251533e+00
5.888899291119589208e+00
4.546251946440864167e+00
5.403219333011487713e+00
5.641392590355400749e+00
6.853411712776571463e+00
4.615231265308785247e+00
6.610493633916846079e+00
4.379105691757223084e+00
5.008117820717419733e+00
6.806863953020474867e+00
6.826845502013991762e+00
5.341830629926115570e+00
5.722064298843390517e+00
5.066619121919115010e+00
6.261331174862636573e+00
4.804282300166828890e+00
5.317026654955818721e+00
4.637181261875571003e+00
4.837452879408300710e+00
7.816857920925734504e+00
5.729665247828758190e+00
4.338113712864677396e+00
6.905392906754855176e+00
4.240169866127607712e+00
5.920530339827470456e+00
4.722997352295722706e+00
5.130834900972437218e+00
5.421376630457243273e+00
5.811687035120346678e+00
4.285163034976882557e+00
6.250365887742445281e+00
7.818353372814900837e+00
6.911335926926213347e+00
7.259397243435758540e+00
5.077782640444529427e+00
6.769910260178761519e+00
4.989363881523126487e+00
8.090143995295441925e+00
6.110379720463438247e+00
5.058175713260497197e+00
6.782096610987332852e+00
6.827122579475092934e+00
5.463570666594744552e+00
4.315266837063320260e+00
5.770787999439034088e+00
5.137399388739837036e+00
5.664532906075219643e+00
4.869684131087260504e+00
4.853099604971909287e+00
6.169097892243817327e+00
6.941940298021727074e+00
5.395383338556672292e+00
6.322239586570226777e+00
5.414016732381713659e+00
6.336033923565315362e+00
4.710835453672023831e+00
5.665283043461499801e+00
4.289201032477381936e+00
4.753154126937864099e+00
6.149163225305044556e+00
5.636418578785630018e+00
5.415926635872533978e+00
6.159052010119628662e+00
4.185107051725832861e+00
4.549570718074558151e+00
6.517933211345829037e+00
5.450936827468622070e+00
7.865861430205613125e+00
4.764992402396232229e+00
8.067572515273642608e+00
5.714387081658601097e+00
6.218367915021005388e+00
6.810046727955696433e+00
6.620017422773852189e+00
7.067336610954590981e+00
4.579824321276079857e+00
4.789035360559089405e+00
7.782394413651307019e+00
5.955867745983888462e+00
5.334828310033725707e+00
4.696100628475991634e+00
7.692597674149650899e+00
4.521055545340542103e+00
5.555421688297422556e+00
5.363359232476171634e+00
5.269150730040616182e+00
4.497426834769081339e+00
6.051736484727131327e+00
6.192627773122789669e+00
5.539143969238971010e+00
6.649420366581745512e+00
8.632254506666104277e+00
5.173610923252525140e+00
8.250228454728869565e+00
6.008204975829366745e+00
6.076069802383883278e+00
6.807045733210005167e+00
5.512990890433147939e+00
4.536810978968812691e+00
4.933522224132184775e+00
5.931258525411394089e+00
4.221070833777638143e+00
5.327463326630169860e+00
6.257954646484181538e+00
4.244804674384386800e+00
4.296063004242526517e+00
5.345889882588564568e+00
5.295931627012045340e+00
4.308453748740308065e+00
7.549388538838588403e+00
6.423976323589341675e+00
4.525036193147527364e+00
5.046639744183768705e+00
8.031278811977831111e+00
5.183470586985147399e+00
4.034721235787840143e+00
5.753637849442869268e+00
5.934576553805804622e+00
4.187118678078816103e+00
4.852172756347741256e+00
